24, 28, 72, 95, 135, 159, 198, 206, 261
0, 2, 7, 17, 19, 21, 33, 34, 37, 44, 45, 52, 53, 57, 64, 68, 69, 73, 87, 96, 98, 104, 110, 119, 120, 122, 127, 136, 144, 151, 153, 154, 167, 180, 186, 190, 194, 199, 200, 202, 204, 205, 209, 210, 213, 214, 218, 221, 230, 232, 242, 250, 260, 268, 270, 280, 289, 292, 297, 298, 310, 313, 316
4, 8, 12, 18, 27, 29, 39, 42, 43, 59, 62, 65, 66, 71, 75, 88, 90, 99, 107, 118, 131, 150, 165, 171, 175, 176, 183, 224, 286, 300, 303
227, 259, 301
81, 86
3, 14, 20, 23, 25, 26, 30, 31, 32, 40, 55, 58, 60, 63, 67, 70, 77, 78, 79, 82, 83, 84, 85, 89, 93, 97, 102, 111, 114, 115, 116, 123, 129, 130, 137, 140, 146, 149, 166, 170, 172, 191, 197, 201, 207, 211, 215, 217, 219, 220, 225, 228, 233, 234, 238, 239, 240, 253, 255, 257, 262, 264, 265, 267, 272, 273, 283, 285, 294, 305, 306, 317, 318, 321
35, 184, 195, 241, 246, 275, 322
11, 38, 56, 74, 94, 105, 113, 117, 124, 128, 134, 145, 148, 160, 162, 178, 181, 192, 208, 231, 263, 277, 281, 288, 309, 320
10, 109
13, 36, 50, 61, 76, 100, 106, 112, 125, 126, 147, 158, 168, 169, 177, 189, 193, 196, 222, 237, 269, 282, 308
15, 54, 121, 155, 157, 235, 323
46, 188, 291, 319
1, 216, 274, 284, 296
5, 6, 47, 48, 80, 92, 103, 108, 132, 133, 139, 143, 152, 156, 164, 182, 187, 212, 226, 236, 245, 247, 249, 251, 254, 256, 271, 278, 287, 290, 295, 299, 302, 304, 311, 312, 314, 315
9, 16, 22, 41, 49, 51, 91, 101, 138, 161, 163, 173, 174, 179, 185, 243, 248, 258, 266, 276, 307
142, 203
141, 223, 229, 244, 252, 279, 293
