92, 99, 108, 132, 143, 156, 175, 190, 195, 213, 216, 233, 249, 260, 286, 295, 299, 302, 312
7
30, 32, 55, 58, 70, 84, 89, 93, 97, 123, 129, 137, 139, 148, 166, 171, 183, 191, 211, 219, 225, 238, 253, 269, 271, 275, 283, 294, 318, 321
40, 77, 83, 109, 121, 122, 133, 141, 150, 187, 230, 234, 252, 266, 267, 306
6
1, 4, 8, 18, 27, 29, 35, 41, 65, 66, 75, 88, 103, 107, 164, 176, 178, 188, 212, 245, 251, 278, 287, 296, 304, 314
3, 5, 23, 67, 71, 78, 115, 119, 136, 152, 163, 193, 199, 218, 226, 232, 258, 297, 300, 303, 316
10, 21, 47, 186, 227, 259, 301, 309
20, 56, 79, 86, 113, 124, 125, 126, 140, 153, 155, 228, 231, 235, 242, 243, 261, 298
0, 12, 24, 26, 28, 43, 44, 48, 59, 62, 76, 95, 104, 114, 127, 130, 131, 144, 160, 165, 167, 179, 182, 184, 189, 192, 196, 198, 210, 215, 222, 224, 273, 280, 282, 313, 319
14, 31, 60, 63, 80, 82, 85, 102, 111, 116, 142, 149, 170, 172, 197, 207, 220, 239, 240, 262, 264, 270, 272, 285, 305, 322
9, 22, 49, 51, 91, 101, 138, 161, 173, 174, 185, 208, 229, 236, 248, 256, 265, 276, 307, 311, 317
46
54
15, 19, 34, 37, 39, 50, 72, 74, 105, 117, 118, 128, 145, 157, 159, 162, 194, 201, 206, 241, 244, 246, 247, 254, 255, 257, 279, 281, 288, 290, 291, 315, 320, 323
2, 53, 61, 64, 68, 69, 73, 87, 100, 151, 154, 180, 200, 203, 204, 205, 209, 214, 223, 250, 268, 274, 284, 289, 308, 310
38, 42, 90
13, 16, 17, 25, 33, 36, 45, 52, 57, 94, 96, 98, 106, 110, 112, 120, 134, 135, 146, 147, 158, 168, 169, 177, 181, 202, 217, 221, 237, 263, 277, 292, 293
11
81
