24, 28, 43, 44, 76, 95, 104, 119, 127, 136, 160, 165, 189, 192, 193, 198, 199, 222, 230, 232, 282, 297, 313
6
1, 4, 8, 12, 18, 27, 29, 35, 39, 59, 62, 65, 66, 71, 75, 88, 92, 99, 103, 107, 108, 132, 139, 143, 156, 164, 171, 175, 176, 182, 183, 184, 188, 195, 212, 216, 224, 226, 245, 249, 251, 271, 278, 286, 287, 290, 295, 299, 302, 303, 304, 312, 314
3, 5, 20, 23, 25, 26, 30, 32, 40, 55, 58, 67, 70, 77, 78, 82, 84, 85, 89, 93, 97, 102, 111, 114, 115, 116, 123, 129, 130, 137, 146, 149, 152, 170, 172, 191, 197, 207, 211, 215, 217, 219, 220, 225, 233, 238, 239, 240, 253, 262, 264, 269, 272, 273, 283, 285, 294, 305, 317, 318, 319, 321
10, 47, 109, 186, 227, 259, 301
79, 228, 257, 291
0, 2, 7, 14, 17, 31, 33, 45, 52, 53, 57, 60, 61, 63, 64, 68, 73, 80, 87, 122, 142, 151, 167, 180, 190, 200, 202, 203, 204, 205, 209, 210, 213, 214, 218, 237, 250, 260, 268, 270, 274, 284, 289, 296, 310, 316
9, 22, 41, 48, 49, 51, 91, 101, 138, 161, 163, 173, 174, 179, 185, 236, 248, 256, 258, 265, 266, 276, 307, 311
46, 83, 133, 141, 150, 187, 234, 252, 267, 306
54
15, 19, 21, 34, 37, 50, 69, 72, 118, 121, 125, 126, 135, 153, 154, 155, 157, 159, 194, 206, 235, 242, 244, 255, 261, 315, 323
42, 131, 229, 241, 275, 280, 300, 322
13, 16, 36, 94, 96, 98, 100, 106, 110, 112, 120, 134, 144, 147, 148, 158, 166, 168, 169, 177, 178, 181, 196, 221, 223, 277, 292, 293, 308
11, 38, 56, 74, 86, 90, 105, 113, 117, 124, 128, 140, 145, 162, 201, 208, 231, 243, 246, 254, 263, 279, 281, 288, 298, 309, 320
81, 247
