0 2 0.6
0 14 0.4
0 17 0.4
0 19 0.2
0 21 0.0
0 29 0.4
0 44 0.8
0 45 0.6
0 53 0.8
0 57 0.4
0 60 0.4
0 61 0.6
0 64 0.6
0 68 0.6
0 69 0.4
0 73 0.6
0 87 0.6
0 99 0.6
0 100 0.4
0 108 0.8
0 113 0.6
0 116 0.4
0 119 0.6
0 120 0.4
0 126 0.4
0 136 0.6
0 144 0.6
0 147 0.4
0 148 0.2
0 151 0.6
0 154 0.4
0 156 0.6
0 167 1.0
0 169 0.4
0 180 0.6
0 188 0.2
0 190 0.8
0 194 0.2
0 197 0.4
0 200 0.6
0 202 0.2
0 204 0.4
0 205 0.6
0 209 0.6
0 213 0.8
0 214 0.8
0 216 0.6
0 223 0.6
0 229 0.2
0 233 0.6
0 240 0.4
0 245 0.4
0 255 0.0
0 259 0.0
0 260 0.6
0 264 0.6
0 268 0.8
0 274 0.6
0 280 0.4
0 284 0.8
0 287 0.4
0 289 0.8
0 292 0.4
0 296 0.2
0 308 0.4
0 310 0.6
0 316 0.6
0 318 0.2
0 323 0.2
1 99 0.6
1 164 0.8
1 182 0.4
1 216 0.6
1 278 0.8
2 7 0.4
2 17 0.6
2 25 0.4
2 31 0.6
2 37 0.4
2 44 0.4
2 45 0.8
2 53 0.8
2 55 0.4
2 57 0.4
2 61 0.8
2 68 0.8
2 69 0.6
2 73 0.8
2 80 0.6
2 87 0.8
2 88 0.6
2 106 0.6
2 113 0.2
2 116 0.6
2 120 0.6
2 122 0.4
2 132 0.4
2 144 0.4
2 147 0.6
2 151 0.8
2 167 0.6
2 169 0.6
2 180 1.0
2 194 0.4
2 197 0.6
2 202 0.4
2 203 0.8
2 204 0.6
2 205 0.8
2 209 0.8
2 214 0.6
2 220 0.4
2 237 0.6
2 239 0.4
2 240 0.6
2 250 0.8
2 260 0.4
2 263 0.4
2 264 0.4
2 268 0.8
2 272 0.6
2 274 0.8
2 280 0.2
2 284 0.8
2 289 0.6
2 290 0.2
2 310 0.8
2 316 0.4
2 322 0.6
3 14 0.4
3 20 0.4
3 23 0.8
3 32 0.6
3 55 0.8
3 58 0.6
3 67 0.6
3 78 0.6
3 84 0.6
3 89 0.6
3 115 0.8
3 116 0.4
3 137 0.6
3 140 0.2
3 146 0.4
3 152 0.6
3 156 0.4
3 169 0.2
3 191 0.4
3 197 0.4
3 211 0.6
3 215 0.6
3 238 0.6
3 283 0.6
3 291 0.2
3 305 0.4
3 316 0.8
3 321 0.6
4 8 0.6
4 12 0.6
4 27 0.8
4 29 1.0
4 31 0.6
4 71 0.4
4 75 0.6
4 90 0.0
4 108 0.6
4 116 0.6
4 124 0.2
4 132 0.6
4 156 0.6
4 164 0.8
4 197 0.6
4 212 0.6
4 239 0.4
4 249 0.6
4 263 0.4
4 264 0.4
4 286 0.4
4 287 0.8
4 290 0.4
4 295 0.6
4 299 0.6
4 302 0.4
4 304 0.8
4 314 0.8
4 322 0.6
5 27 0.2
5 48 0.6
5 72 0.0
5 80 0.4
5 101 0.2
5 103 0.4
5 139 0.6
5 161 0.2
5 182 0.4
5 212 0.6
5 221 0.2
5 236 0.2
5 256 0.2
5 271 0.6
5 276 0.4
5 280 0.6
5 286 0.4
5 290 0.0
5 304 0.2
5 307 0.4
5 311 0.2
5 314 0.2
5 322 0.4
6 152 0.2
6 280 0.6
7 17 0.4
7 20 0.2
7 34 0.2
7 36 0.4
7 37 0.2
7 39 0.0
7 44 0.6
7 45 0.4
7 52 0.4
7 53 0.4
7 57 0.4
7 64 0.4
7 67 0.4
7 69 0.4
7 73 0.4
7 78 0.4
7 90 0.2
7 95 0.6
7 104 0.6
7 110 0.4
7 113 0.4
7 126 0.4
7 127 0.4
7 144 0.6
7 153 0.4
7 164 0.2
7 167 0.6
7 168 0.4
7 169 0.4
7 180 0.4
7 184 0.4
7 190 0.6
7 192 0.6
7 194 0.2
7 195 0.4
7 198 0.4
7 202 0.2
7 204 0.4
7 205 0.4
7 209 0.4
7 210 0.8
7 212 0.2
7 214 0.6
7 218 0.6
7 229 0.2
7 232 0.4
7 237 0.4
7 242 0.6
7 246 0.0
7 250 0.4
7 255 0.0
7 263 0.2
7 268 0.4
7 280 0.4
7 286 0.6
7 289 0.6
7 291 0.0
7 294 0.2
7 297 0.6
7 303 0.4
7 304 0.2
7 310 0.4
7 313 0.8
7 316 0.8
8 27 0.6
8 29 0.6
8 38 0.0
8 39 0.4
8 65 0.6
8 66 0.8
8 75 0.6
8 90 0.0
8 99 0.4
8 103 0.6
8 108 0.4
8 118 0.2
8 134 0.6
8 147 0.8
8 148 0.4
8 152 0.2
8 162 0.2
8 175 0.4
8 176 0.6
8 182 0.6
8 184 0.8
8 186 0.2
8 189 0.4
8 195 0.4
8 212 0.6
8 224 0.6
8 245 0.6
8 249 0.4
8 260 0.2
8 277 0.6
8 286 0.4
8 287 0.6
8 290 0.4
8 303 0.2
8 304 0.6
8 314 0.8
9 22 0.8
9 30 0.4
9 49 0.8
9 51 0.6
9 101 0.8
9 163 0.4
9 173 0.8
9 174 0.6
9 179 0.4
9 185 0.6
9 258 0.2
9 266 0.6
10 109 0.6
11 38 0.2
11 56 0.4
11 86 0.4
11 113 0.2
11 117 0.8
11 124 0.4
11 224 0.2
11 231 0.4
11 263 0.2
11 281 0.6
11 288 0.6
11 320 0.4
12 18 0.4
12 27 0.6
12 29 0.6
12 39 0.2
12 48 0.6
12 65 0.4
12 66 0.4
12 74 0.2
12 75 0.4
12 78 0.6
12 80 0.4
12 88 0.6
12 90 0.2
12 99 0.8
12 107 0.4
12 108 1.0
12 124 0.4
12 132 0.8
12 139 0.2
12 143 0.6
12 156 0.8
12 161 0.4
12 164 0.6
12 171 0.2
12 175 0.8
12 182 0.6
12 184 0.6
12 188 0.4
12 195 0.6
12 212 0.4
12 213 0.6
12 216 0.8
12 223 0.4
12 224 0.8
12 226 0.6
12 229 0.2
12 231 0.4
12 236 0.2
12 245 0.6
12 246 0.2
12 249 0.8
12 256 0.2
12 260 0.6
12 263 0.2
12 271 0.2
12 276 0.4
12 278 0.6
12 280 0.4
12 286 0.6
12 287 0.6
12 288 0.2
12 290 0.2
12 295 0.8
12 299 0.8
12 300 0.4
12 302 0.6
12 303 0.4
12 304 0.6
12 307 0.4
12 309 0.2
12 311 0.2
12 312 0.8
12 314 0.6
12 320 0.0
12 322 0.4
13 21 0.2
13 28 0.6
13 36 0.8
13 44 0.6
13 50 0.4
13 52 0.8
13 57 0.6
13 61 0.6
13 64 0.6
13 69 0.6
13 73 0.6
13 76 0.4
13 96 1.0
13 99 0.2
13 100 0.6
13 104 0.4
13 106 0.8
13 135 0.6
13 144 0.6
13 147 0.8
13 158 0.8
13 168 0.8
13 169 0.8
13 177 0.8
13 186 0.4
13 189 0.6
13 193 0.4
13 194 0.4
13 196 0.8
13 199 0.4
13 204 0.6
13 209 0.6
13 213 0.4
13 261 0.0
13 268 0.6
13 308 0.6
13 316 0.4
14 20 0.2
14 23 0.4
14 25 0.6
14 26 0.6
14 30 0.6
14 31 0.8
14 32 0.6
14 37 0.4
14 44 0.2
14 53 0.6
14 55 0.6
14 58 0.6
14 61 0.8
14 63 0.8
14 67 0.2
14 70 0.6
14 77 0.2
14 78 0.2
14 82 0.8
14 84 0.6
14 85 0.8
14 89 0.6
14 93 0.6
14 97 0.6
14 99 0.4
14 102 0.8
14 111 0.8
14 115 0.4
14 116 0.8
14 129 0.8
14 130 0.6
14 137 0.6
14 140 0.0
14 146 0.6
14 149 0.8
14 151 0.6
14 167 0.4
14 170 0.8
14 172 0.8
14 190 0.4
14 191 0.6
14 197 1.0
14 204 0.4
14 207 0.6
14 211 0.6
14 213 0.4
14 214 0.4
14 215 0.4
14 217 0.4
14 219 0.6
14 220 0.6
14 225 0.8
14 228 0.2
14 232 0.2
14 233 0.6
14 238 0.6
14 239 0.6
14 255 0.6
14 257 0.2
14 258 0.2
14 260 0.4
14 262 0.8
14 264 0.6
14 267 0.2
14 268 0.6
14 269 0.6
14 272 0.8
14 273 0.4
14 283 0.6
14 285 0.8
14 289 0.4
14 291 0.4
14 295 0.4
14 305 0.8
14 308 0.4
14 313 0.2
14 318 0.6
14 321 0.6
15 21 0.4
15 44 0.2
15 69 0.6
15 121 0.2
15 155 0.4
15 157 0.8
15 159 0.8
15 235 0.4
15 323 0.6
16 202 0.6
17 21 0.4
17 30 0.4
17 33 0.6
17 34 0.4
17 36 0.8
17 37 0.6
17 44 0.6
17 45 0.6
17 52 0.6
17 53 0.6
17 57 0.6
17 64 0.8
17 69 0.8
17 73 0.6
17 79 0.0
17 87 0.6
17 96 0.8
17 100 0.6
17 106 0.8
17 112 0.6
17 114 0.4
17 120 0.8
17 126 0.2
17 127 0.6
17 144 0.8
17 147 0.8
17 153 0.2
17 157 0.6
17 163 0.2
17 167 0.4
17 168 1.0
17 169 0.8
17 171 0.4
17 177 1.0
17 179 0.2
17 180 0.6
17 186 0.4
17 194 0.4
17 202 0.6
17 205 0.6
17 209 0.6
17 210 0.4
17 214 0.4
17 218 0.4
17 221 0.8
17 229 0.4
17 230 0.2
17 232 0.2
17 237 0.8
17 258 0.2
17 260 0.2
17 261 0.2
17 263 0.6
17 266 0.4
17 270 0.4
17 280 0.4
17 284 0.6
17 292 0.8
17 293 0.6
17 295 0.2
17 297 0.4
17 310 0.8
17 313 0.6
17 315 0.4
17 316 0.4
17 323 0.4
18 27 0.6
18 29 0.6
18 39 0.4
18 59 0.8
18 62 0.6
18 65 0.6
18 75 0.6
18 103 0.6
18 107 0.8
18 132 0.4
18 143 0.4
18 156 0.6
18 164 0.6
18 175 0.4
18 176 0.6
18 182 0.6
18 184 0.6
18 188 0.8
18 195 0.4
18 212 0.8
18 224 0.6
18 226 0.4
18 245 0.6
18 246 0.4
18 249 0.4
18 251 0.4
18 263 0.6
18 271 0.4
18 280 0.4
18 286 0.4
18 290 0.4
18 295 0.6
18 299 0.4
18 302 0.2
18 303 0.2
18 304 0.6
18 312 0.6
18 314 0.6
18 320 0.2
18 322 0.4
19 21 0.4
19 28 0.2
19 34 0.8
19 36 0.4
19 37 1.0
19 38 0.4
19 44 0.2
19 52 0.2
19 53 0.4
19 57 0.2
19 69 0.8
19 76 0.0
19 90 0.4
19 113 0.6
19 124 0.4
19 125 0.6
19 126 0.6
19 136 0.2
19 144 0.4
19 147 0.4
19 151 0.4
19 155 0.4
19 157 0.8
19 169 0.4
19 177 0.6
19 186 0.4
19 194 0.8
19 199 0.4
19 205 0.4
19 210 0.4
19 214 0.2
19 232 0.0
19 242 0.4
19 255 0.8
19 261 0.4
19 281 0.4
19 282 0.6
19 291 0.6
19 308 0.4
19 316 0.2
20 23 0.6
20 25 0.2
20 26 0.4
20 30 0.2
20 32 0.2
20 44 0.2
20 55 0.2
20 58 0.2
20 59 0.4
20 63 0.4
20 67 0.4
20 78 0.2
20 82 0.2
20 84 0.2
20 89 0.2
20 93 0.4
20 97 0.4
20 102 0.2
20 111 0.2
20 113 0.6
20 115 0.4
20 116 0.2
20 123 0.6
20 125 0.6
20 130 0.4
20 137 0.2
20 139 0.0
20 140 0.8
20 146 0.2
20 149 0.2
20 152 0.2
20 170 0.2
20 172 0.2
20 191 0.4
20 197 0.2
20 201 0.4
20 207 0.4
20 211 0.2
20 215 0.4
20 217 0.0
20 219 0.2
20 220 0.4
20 225 0.2
20 228 0.8
20 233 0.2
20 238 0.2
20 239 0.4
20 240 0.2
20 253 0.6
20 255 0.6
20 257 0.4
20 260 0.2
20 261 0.4
20 264 0.4
20 273 0.4
20 278 0.0
20 280 0.2
20 291 0.6
20 294 0.2
20 301 0.0
20 305 0.2
20 306 0.2
20 318 0.2
20 319 0.4
21 28 0.0
21 36 0.2
21 44 0.0
21 45 0.2
21 50 0.2
21 53 0.2
21 57 0.0
21 61 0.4
21 69 0.4
21 72 0.4
21 73 0.2
21 76 0.0
21 96 0.2
21 100 0.2
21 104 0.0
21 106 0.2
21 119 0.0
21 125 0.0
21 126 0.0
21 127 0.2
21 135 0.6
21 136 0.0
21 144 0.2
21 147 0.2
21 154 0.2
21 155 0.2
21 157 0.6
21 158 0.2
21 159 0.4
21 168 0.4
21 169 0.2
21 177 0.4
21 190 0.0
21 193 0.0
21 194 0.2
21 196 0.0
21 199 0.2
21 202 0.4
21 213 0.0
21 223 0.2
21 235 0.2
21 237 0.2
21 242 0.0
21 244 0.2
21 255 0.4
21 261 0.4
21 268 0.2
21 280 0.0
21 282 0.2
21 306 0.2
21 308 0.2
21 323 0.2
22 41 0.6
22 48 0.6
22 49 0.8
22 51 0.6
22 99 0.2
22 101 0.8
22 138 0.8
22 161 1.0
22 163 0.4
22 173 0.8
22 179 0.6
22 185 0.6
22 243 0.0
22 248 0.8
22 266 0.6
22 276 0.6
22 307 0.6
23 25 0.4
23 26 0.6
23 30 0.6
23 32 0.6
23 40 0.4
23 55 0.6
23 67 0.8
23 78 0.6
23 84 0.6
23 85 0.4
23 89 0.6
23 97 0.6
23 115 0.8
23 116 0.4
23 137 0.6
23 149 0.4
23 152 0.6
23 169 0.2
23 188 0.6
23 197 0.4
23 211 0.6
23 212 0.6
23 219 0.4
23 225 0.4
23 228 0.4
23 264 0.6
23 272 0.4
23 273 0.6
23 283 0.6
23 303 0.6
23 305 0.4
23 321 0.6
24 28 0.8
24 44 0.8
24 95 0.6
24 99 0.4
24 189 0.6
24 198 0.6
25 26 0.4
25 30 0.6
25 31 0.6
25 32 0.6
25 40 0.4
25 55 0.6
25 58 0.6
25 67 0.2
25 70 0.8
25 77 0.2
25 78 0.2
25 79 0.2
25 82 0.6
25 84 0.6
25 85 0.6
25 89 0.8
25 97 0.8
25 102 0.8
25 114 0.6
25 115 0.4
25 116 0.8
25 125 0.0
25 129 0.8
25 137 0.6
25 140 0.0
25 146 0.8
25 149 0.6
25 152 0.2
25 172 0.8
25 184 0.6
25 189 0.4
25 197 0.6
25 207 0.4
25 211 0.8
25 215 0.6
25 217 0.6
25 219 0.8
25 220 0.4
25 225 0.8
25 228 0.2
25 233 0.2
25 238 0.6
25 240 0.6
25 253 0.6
25 255 0.4
25 257 0.2
25 260 0.2
25 264 0.4
25 267 0.2
25 273 0.6
25 277 0.6
25 280 0.4
25 285 0.6
25 291 0.4
25 305 0.8
25 306 0.0
25 318 0.6
25 321 0.6
26 31 0.6
26 32 0.4
26 63 0.8
26 67 0.4
26 82 0.8
26 83 0.2
26 85 0.6
26 89 0.4
26 93 0.4
26 97 0.4
26 99 0.8
26 115 0.6
26 116 0.6
26 119 0.4
26 124 0.2
26 125 0.2
26 126 0.2
26 136 0.4
26 146 0.4
26 149 0.6
26 170 0.6
26 172 0.6
26 175 0.8
26 190 0.6
26 191 0.4
26 197 0.6
26 201 0.0
26 207 0.8
26 209 0.4
26 216 0.6
26 219 0.4
26 220 0.8
26 225 0.4
26 233 0.6
26 239 0.8
26 240 0.6
26 255 0.2
26 260 0.6
26 264 0.8
26 272 0.6
26 273 0.6
26 291 0.2
26 305 0.6
26 318 0.4
27 29 0.8
27 39 0.4
27 65 0.6
27 71 0.4
27 72 0.4
27 75 0.6
27 88 0.8
27 90 0.0
27 92 0.6
27 99 0.6
27 103 0.6
27 107 0.6
27 115 0.2
27 124 0.2
27 132 0.6
27 143 0.6
27 150 0.2
27 175 0.6
27 176 0.6
27 182 0.4
27 184 0.4
27 192 0.2
27 212 0.6
27 224 0.4
27 226 0.4
27 231 0.4
27 232 0.2
27 245 0.8
27 246 0.4
27 249 0.6
27 254 0.2
27 260 0.4
27 271 0.4
27 286 0.4
27 288 0.4
27 290 0.6
27 299 0.6
27 302 0.4
27 303 0.2
27 304 0.8
27 312 0.6
27 314 0.8
27 320 0.2
28 36 0.6
28 44 1.0
28 57 0.6
28 69 0.4
28 72 0.2
28 76 0.8
28 95 0.8
28 96 0.6
28 113 0.6
28 119 0.6
28 120 0.6
28 121 0.0
28 125 0.4
28 126 0.4
28 136 0.6
28 153 0.4
28 154 0.4
28 158 0.6
28 159 0.2
28 168 0.6
28 169 0.6
28 189 0.8
28 194 0.2
28 196 0.8
28 199 0.6
28 221 0.6
28 223 0.6
28 229 0.2
28 232 0.4
28 237 0.6
28 242 0.4
28 244 0.2
28 261 0.2
28 273 0.6
28 280 0.6
28 282 0.6
28 308 0.4
28 313 0.8
28 323 0.2
29 39 0.4
29 65 0.6
29 75 0.6
29 88 0.8
29 99 0.6
29 103 0.6
29 108 0.6
29 124 0.2
29 143 0.6
29 171 0.4
29 175 0.6
29 212 0.6
29 216 0.6
29 224 0.4
29 231 0.2
29 233 0.4
29 245 0.8
29 249 0.6
29 260 0.4
29 264 0.4
29 286 0.4
29 287 0.8
29 299 0.6
29 302 0.4
29 303 0.4
29 304 0.8
29 312 0.6
29 314 0.8
30 32 0.8
30 40 0.4
30 44 0.2
30 55 0.8
30 58 0.8
30 62 0.2
30 63 0.4
30 67 0.4
30 70 0.6
30 75 0.8
30 76 0.2
30 78 0.4
30 82 0.6
30 84 0.8
30 89 0.8
30 95 0.2
30 99 0.2
30 101 0.6
30 103 0.8
30 106 0.4
30 115 0.6
30 116 0.6
30 130 0.4
30 137 0.8
30 139 0.6
30 140 0.0
30 144 0.2
30 146 0.6
30 149 0.6
30 152 0.6
30 163 0.6
30 172 0.6
30 174 0.4
30 179 0.4
30 188 0.6
30 191 0.6
30 197 0.6
30 207 0.4
30 211 0.8
30 212 0.6
30 215 0.4
30 217 0.4
30 219 0.6
30 228 0.2
30 230 0.2
30 233 0.2
30 238 0.8
30 239 0.6
30 255 0.4
30 258 0.6
30 260 0.2
30 264 0.4
30 266 0.4
30 267 0.2
30 268 0.4
30 271 0.6
30 273 0.4
30 283 0.8
30 290 0.2
30 291 0.4
30 294 0.8
30 321 0.8
31 45 0.6
31 60 1.0
31 61 0.6
31 63 0.6
31 64 0.6
31 68 0.6
31 77 0.2
31 80 0.8
31 82 0.8
31 84 0.8
31 85 0.8
31 88 0.6
31 89 0.6
31 92 0.4
31 93 0.6
31 99 0.4
31 102 0.8
31 103 0.4
31 108 0.4
31 111 0.8
31 115 0.4
31 116 0.8
31 129 0.6
31 132 0.6
31 140 0.0
31 146 0.6
31 149 0.8
31 156 0.4
31 164 0.6
31 170 0.8
31 172 0.8
31 191 0.6
31 197 0.8
31 201 0.2
31 209 0.6
31 211 0.6
31 213 0.4
31 217 0.4
31 226 0.4
31 233 0.4
31 238 0.6
31 240 0.8
31 245 0.6
31 257 0.2
31 260 0.4
31 262 0.8
31 264 0.6
31 271 0.6
31 272 0.8
31 278 0.6
31 283 0.6
31 284 0.6
31 285 1.0
31 286 0.2
31 289 0.4
31 294 0.6
31 304 0.6
31 305 0.8
31 314 0.6
31 317 0.4
31 318 0.8
31 322 0.6
32 40 0.4
32 55 0.8
32 58 0.8
32 67 0.4
32 70 0.6
32 77 0.2
32 78 0.4
32 84 0.8
32 85 0.8
32 89 0.8
32 93 0.8
32 97 0.6
32 99 0.2
32 115 0.6
32 116 0.6
32 129 0.6
32 137 0.8
32 140 0.0
32 146 0.6
32 149 0.6
32 152 0.4
32 191 0.6
32 197 0.6
32 207 0.4
32 211 0.8
32 215 0.4
32 219 0.6
32 220 0.4
32 225 0.6
32 228 0.4
32 233 0.2
32 238 0.8
32 240 0.6
32 255 0.4
32 264 0.4
32 267 0.2
32 269 1.0
32 272 0.6
32 273 0.4
32 283 0.8
32 291 0.4
32 294 0.8
32 305 0.6
32 306 0.0
32 317 0.6
32 321 0.8
33 44 0.4
33 52 0.4
33 57 0.4
33 64 0.6
33 116 0.4
33 120 0.6
33 126 0.2
33 127 0.2
33 144 0.4
33 147 0.6
33 151 0.6
33 167 0.4
33 169 0.6
33 199 0.6
33 202 0.6
33 209 0.6
33 215 0.2
33 218 0.6
33 229 0.8
33 230 0.2
33 245 0.4
33 260 0.2
33 275 0.6
33 280 0.2
33 316 0.6
34 37 0.8
34 44 0.2
34 45 0.6
34 52 0.4
34 53 0.4
34 64 0.4
34 69 0.6
34 126 0.6
34 135 0.6
34 153 0.8
34 154 0.4
34 167 0.2
34 180 0.4
34 186 0.4
34 194 0.8
34 202 0.2
34 203 0.4
34 205 0.6
34 209 0.4
34 210 0.4
34 214 0.2
34 218 0.2
34 232 0.2
34 244 1.0
34 261 0.2
34 268 0.4
34 280 0.0
34 292 0.4
34 306 0.2
34 313 0.2
35 99 0.4
35 184 0.6
35 212 0.6
35 299 0.4
35 304 0.8
35 314 0.6
36 44 0.6
36 53 0.6
36 57 0.8
36 61 0.6
36 69 0.6
36 76 0.4
36 96 0.8
36 100 0.6
36 112 0.6
36 120 0.8
36 125 0.2
36 126 0.4
36 144 0.6
36 147 0.8
36 168 0.8
36 169 1.0
36 177 0.8
36 189 0.6
36 194 0.4
36 196 0.6
36 209 0.6
36 217 0.6
36 242 0.2
36 261 0.0
36 268 0.6
36 280 0.4
36 292 0.8
36 323 0.4
37 44 0.2
37 45 0.4
37 52 0.2
37 53 0.4
37 57 0.2
37 64 0.6
37 69 0.8
37 72 0.6
37 96 0.4
37 113 0.6
37 116 0.2
37 119 0.2
37 121 0.4
37 124 0.4
37 125 0.6
37 126 0.6
37 147 0.4
37 151 0.4
37 154 0.4
37 159 1.0
37 180 0.4
37 186 0.4
37 190 0.2
37 194 0.8
37 202 0.2
37 205 0.4
37 207 0.0
37 210 0.4
37 214 0.2
37 232 0.0
37 235 0.4
37 237 0.4
37 244 0.8
37 250 0.4
37 255 0.8
37 261 0.4
37 264 0.0
37 268 0.4
37 269 0.2
37 270 0.2
37 277 0.4
37 280 0.0
37 292 0.4
37 310 0.6
37 313 0.2
37 323 0.8
38 56 0.6
38 58 0.0
38 69 0.2
38 74 0.4
38 90 0.8
38 94 0.2
38 100 0.0
38 105 0.2
38 113 0.6
38 117 0.2
38 119 0.2
38 121 0.6
38 124 0.6
38 125 0.6
38 126 0.6
38 128 0.4
38 134 0.0
38 136 0.2
38 140 0.8
38 144 0.2
38 145 0.4
38 148 0.0
38 152 0.4
38 159 0.4
38 162 0.6
38 169 0.0
38 178 0.0
38 182 0.2
38 184 0.2
38 189 0.2
38 191 0.2
38 192 0.4
38 196 0.2
38 224 0.2
38 225 0.0
38 228 0.6
38 231 0.6
38 232 0.4
38 233 0.4
38 242 0.4
38 255 0.4
38 260 0.6
38 261 0.6
38 263 0.0
38 264 0.2
38 277 0.2
38 280 0.2
38 281 0.2
38 282 0.4
38 291 0.4
38 309 0.0
38 320 0.6
39 42 0.4
39 43 0.0
39 56 0.8
39 59 0.2
39 65 0.4
39 72 0.4
39 74 0.8
39 86 0.6
39 88 0.4
39 90 0.4
39 99 0.2
39 117 0.6
39 126 0.4
39 132 0.2
39 145 0.8
39 162 0.6
39 164 0.4
39 171 0.2
39 175 0.2
39 176 0.4
39 183 0.2
39 192 0.0
39 195 0.4
39 208 0.4
39 212 0.4
39 224 0.2
39 226 0.2
39 231 0.6
39 245 0.4
39 246 0.8
39 249 0.2
39 251 0.4
39 263 0.2
39 275 0.2
39 276 0.0
39 280 0.0
39 286 0.2
39 288 0.8
39 290 0.8
39 299 0.2
39 300 0.0
39 302 0.0
39 303 0.0
39 304 0.6
39 309 0.4
39 314 0.4
39 320 0.6
39 322 0.2
40 55 0.4
40 58 0.4
40 70 0.4
40 84 0.4
40 89 0.4
40 97 0.4
40 114 0.4
40 115 0.4
40 116 0.4
40 129 0.4
40 146 0.4
40 152 0.2
40 192 0.4
40 197 0.4
40 207 0.4
40 211 0.4
40 215 0.4
40 219 0.4
40 225 0.4
40 228 0.2
40 233 0.2
40 238 0.4
40 253 0.4
40 267 0.8
40 273 0.4
40 283 0.4
40 306 0.6
40 321 0.4
41 138 0.4
41 163 0.2
41 179 0.4
41 185 0.2
41 266 0.4
42 65 0.0
42 99 0.2
42 131 0.4
42 194 0.6
42 195 0.4
42 212 0.0
42 229 0.0
42 241 0.6
42 245 0.0
42 263 0.2
42 275 0.2
42 280 0.4
42 286 0.2
42 290 0.4
42 304 0.0
42 322 0.2
43 44 0.6
43 66 0.6
43 90 0.2
43 139 0.2
43 171 0.2
43 183 0.2
43 245 0.2
43 263 0.4
43 275 0.2
43 278 0.4
43 286 0.4
43 290 0.0
43 300 0.4
44 45 0.4
44 50 0.2
44 53 0.6
44 56 0.2
44 57 0.6
44 61 0.4
44 62 0.4
44 64 0.4
44 68 0.4
44 69 0.4
44 72 0.2
44 73 0.4
44 76 0.8
44 87 0.4
44 95 0.8
44 96 0.6
44 97 0.4
44 100 0.4
44 104 0.8
44 110 0.6
44 112 0.4
44 113 0.6
44 115 0.6
44 119 0.6
44 120 0.6
44 121 0.0
44 125 0.4
44 126 0.4
44 127 0.6
44 135 0.2
44 136 0.6
44 144 0.8
44 147 0.6
44 151 0.4
44 153 0.4
44 154 0.4
44 155 0.4
44 156 0.4
44 157 0.2
44 158 0.6
44 159 0.2
44 164 0.2
44 167 0.8
44 168 0.6
44 169 0.6
44 171 0.2
44 177 0.6
44 180 0.4
44 186 0.2
44 187 0.4
44 189 0.8
44 190 0.6
44 191 0.4
44 192 0.6
44 193 0.6
44 194 0.2
44 196 0.8
44 198 0.6
44 199 0.6
44 200 0.4
44 202 0.4
44 203 0.4
44 204 0.4
44 205 0.4
44 206 0.2
44 209 0.4
44 210 0.6
44 212 0.2
44 213 0.6
44 214 0.6
44 215 0.8
44 218 0.6
44 221 0.6
44 223 0.6
44 229 0.2
44 230 0.4
44 232 0.4
44 235 0.4
44 237 0.6
44 239 0.4
44 240 0.2
44 242 0.4
44 250 0.4
44 255 0.0
44 258 0.4
44 260 0.4
44 261 0.2
44 263 0.4
44 268 0.6
44 270 0.2
44 274 0.4
44 277 0.4
44 278 0.2
44 279 0.0
44 280 0.6
44 282 0.6
44 284 0.6
44 289 0.6
44 290 0.0
44 291 0.2
44 295 0.4
44 297 0.6
44 298 0.2
44 299 0.4
44 300 0.4
44 308 0.4
44 310 0.4
44 313 0.8
44 315 0.2
44 323 0.2
45 52 0.6
45 53 0.8
45 57 0.4
45 61 0.8
45 64 0.8
45 68 0.8
45 69 0.6
45 73 0.8
45 87 0.8
45 112 0.8
45 120 0.6
45 122 0.4
45 126 0.2
45 136 0.4
45 144 0.4
45 147 0.6
45 151 0.8
45 153 0.4
45 167 0.6
45 169 0.6
45 180 0.8
45 186 0.4
45 190 0.6
45 194 0.4
45 202 0.4
45 203 0.6
45 204 0.6
45 205 1.0
45 209 0.8
45 210 0.4
45 213 0.6
45 214 0.6
45 230 0.2
45 232 0.4
45 233 0.4
45 237 0.6
45 239 0.4
45 240 0.6
45 242 0.4
45 250 0.8
45 260 0.4
45 268 0.8
45 270 0.6
45 272 0.8
45 274 0.8
45 280 0.2
45 284 0.8
45 289 0.6
45 292 0.6
45 310 0.8
45 313 0.4
45 315 0.4
45 316 0.4
46 188 0.0
46 291 0.0
47 186 0.6
48 51 0.4
48 65 0.2
48 101 0.4
48 103 0.2
48 161 0.6
48 163 0.6
48 182 0.4
48 188 0.2
48 212 0.2
48 229 0.2
48 236 0.4
48 256 0.4
48 276 0.6
48 299 0.4
48 304 0.2
48 307 0.6
48 311 0.4
48 314 0.2
49 51 0.6
49 101 0.8
49 163 0.4
49 173 0.8
49 174 0.6
49 185 0.6
49 258 0.2
49 266 0.6
50 57 0.2
50 69 0.6
50 72 0.6
50 100 0.6
50 125 0.6
50 126 0.6
50 194 1.0
50 217 0.2
50 261 0.2
50 279 0.8
51 99 0.2
51 101 0.6
51 138 0.6
51 163 0.4
51 173 0.6
51 174 0.6
51 179 0.4
51 185 0.4
51 204 0.4
51 248 0.6
51 258 0.2
51 266 0.4
52 53 0.4
52 57 0.8
52 64 0.4
52 69 0.4
52 73 0.4
52 96 0.8
52 100 0.4
52 120 0.6
52 125 0.2
52 135 0.4
52 144 0.6
52 151 0.4
52 154 0.4
52 167 0.4
52 169 0.6
52 177 0.6
52 180 0.4
52 186 0.2
52 189 0.6
52 190 0.4
52 194 0.2
52 196 0.8
52 202 0.4
52 203 0.4
52 205 0.6
52 209 0.4
52 210 0.4
52 214 0.4
52 218 0.4
52 232 0.4
52 237 0.6
52 261 0.0
52 268 0.4
52 280 0.4
52 292 0.6
52 316 0.4
53 57 0.4
53 61 0.8
53 64 0.8
53 68 0.8
53 69 0.6
53 73 0.8
53 87 0.8
53 96 0.6
53 104 0.6
53 110 0.6
53 113 0.4
53 116 0.6
53 120 0.6
53 125 0.2
53 126 0.2
53 136 0.4
53 144 0.4
53 147 0.6
53 151 0.8
53 153 0.2
53 154 0.6
53 167 0.8
53 168 0.6
53 169 0.6
53 180 0.8
53 186 0.4
53 190 0.6
53 193 0.4
53 194 0.4
53 199 0.4
53 200 0.8
53 202 0.4
53 203 0.6
53 204 0.6
53 205 0.8
53 209 0.8
53 210 0.4
53 213 0.6
53 214 0.6
53 221 0.6
53 223 0.8
53 229 0.4
53 230 0.2
53 232 0.2
53 233 0.4
53 237 0.6
53 239 0.4
53 242 0.2
53 250 0.8
53 260 0.4
53 268 1.0
53 270 0.6
53 274 0.8
53 280 0.2
53 284 1.0
53 289 0.6
53 292 0.6
53 310 0.8
53 313 0.4
53 315 0.4
53 316 0.4
53 321 0.4
53 323 0.4
54 261 0.6
55 58 0.8
55 67 0.4
55 70 0.6
55 77 0.2
55 78 0.4
55 82 0.6
55 84 0.8
55 89 0.8
55 97 0.6
55 99 0.2
55 111 0.6
55 115 0.6
55 116 0.6
55 130 0.4
55 137 0.8
55 140 0.0
55 146 0.6
55 149 0.6
55 152 0.4
55 170 0.6
55 172 0.6
55 191 0.6
55 197 0.6
55 201 0.2
55 207 0.4
55 209 0.4
55 211 0.8
55 215 0.4
55 217 0.4
55 219 0.6
55 220 0.4
55 225 0.6
55 228 0.2
55 233 0.2
55 238 0.8
55 239 0.4
55 240 0.6
55 253 0.6
55 255 0.4
55 264 0.4
55 267 0.2
55 269 0.8
55 272 0.6
55 273 0.4
55 283 0.8
55 285 0.6
55 291 0.4
55 294 0.8
55 305 0.6
55 306 0.0
55 316 0.6
55 317 0.6
55 318 0.6
55 321 0.8
56 65 0.2
56 74 0.6
56 86 0.8
56 90 0.6
56 99 0.4
56 113 0.6
56 124 0.8
56 145 0.6
56 162 0.4
56 195 0.6
56 214 0.2
56 215 0.2
56 231 0.8
56 240 0.0
56 245 0.2
56 263 0.0
56 286 0.4
56 288 0.6
56 290 0.6
56 299 0.4
56 309 0.2
56 314 0.2
56 320 0.4
56 322 0.0
57 61 0.4
57 64 0.4
57 68 0.4
57 69 0.4
57 72 0.2
57 73 0.6
57 76 0.4
57 87 0.4
57 95 0.6
57 96 0.6
57 98 0.6
57 100 0.4
57 104 0.4
57 106 0.6
57 107 0.4
57 110 0.8
57 112 0.4
57 113 0.2
57 120 0.6
57 121 0.2
57 122 0.4
57 125 0.2
57 126 0.4
57 127 0.4
57 136 0.6
57 144 0.6
57 147 0.6
57 153 0.2
57 154 0.4
57 157 0.2
57 158 0.6
57 159 0.2
57 167 0.4
57 168 0.6
57 169 0.8
57 177 0.6
57 180 0.4
57 186 0.2
57 189 0.6
57 190 0.4
57 193 0.6
57 194 0.2
57 196 0.6
57 199 0.4
57 200 0.4
57 202 0.4
57 203 0.4
57 204 0.4
57 205 0.4
57 209 0.4
57 210 0.4
57 214 0.4
57 215 0.4
57 218 0.4
57 221 0.6
57 223 0.4
57 229 0.2
57 230 0.2
57 232 0.2
57 237 0.6
57 242 0.2
57 244 0.2
57 250 0.4
57 255 0.0
57 259 0.0
57 261 0.0
57 268 0.4
57 273 0.6
57 279 0.0
57 280 0.4
57 282 0.4
57 284 0.4
57 291 0.0
57 292 0.6
57 297 0.4
57 308 0.6
57 310 0.4
57 313 0.6
57 316 0.4
57 323 0.2
58 67 0.4
58 77 0.2
58 84 0.8
58 89 0.8
58 97 0.6
58 104 0.6
58 115 0.8
58 116 0.6
58 129 0.6
58 137 1.0
58 140 0.0
58 149 0.6
58 151 0.4
58 193 0.4
58 197 0.6
58 207 0.6
58 213 0.2
58 219 0.6
58 225 0.6
58 238 0.8
58 240 0.6
58 264 0.4
58 285 0.6
58 291 0.6
58 294 0.8
58 300 0.4
58 305 0.6
58 316 0.4
58 321 0.8
59 70 0.6
59 75 0.4
59 78 0.6
59 90 0.2
59 116 0.2
59 129 0.4
59 145 0.2
59 192 0.4
59 212 0.6
59 231 0.4
59 263 0.4
59 273 0.6
59 280 0.6
59 290 0.2
59 293 0.4
59 303 0.4
59 304 0.4
59 314 0.4
59 322 0.2
60 63 0.6
60 68 0.6
60 190 0.4
60 197 0.8
60 204 0.4
60 278 0.6
60 289 0.4
60 296 0.4
60 305 0.8
61 63 0.6
61 64 1.0
61 69 0.8
61 73 0.8
61 126 0.2
61 167 0.6
61 169 0.6
61 180 0.8
61 190 0.6
61 193 0.4
61 194 0.4
61 199 0.6
61 204 0.6
61 205 0.8
61 209 0.8
61 213 0.6
61 216 0.4
61 255 0.4
61 268 0.8
61 274 1.0
61 289 0.6
61 308 0.6
62 65 0.4
62 75 0.4
62 99 0.6
62 103 0.4
62 115 0.4
62 132 0.6
62 139 0.2
62 144 0.4
62 169 0.2
62 182 0.6
62 188 0.6
62 195 0.6
62 212 0.6
62 218 0.4
62 224 0.6
62 226 0.6
62 246 0.2
62 249 0.6
62 258 0.6
62 261 0.4
62 280 0.4
62 286 0.8
62 290 0.2
62 314 0.4
62 322 0.2
63 64 0.6
63 82 0.6
63 85 0.6
63 115 0.6
63 116 0.6
63 130 0.8
63 132 0.6
63 137 0.4
63 149 0.6
63 172 0.6
63 191 0.4
63 197 0.8
63 201 0.0
63 204 0.2
63 207 0.8
63 213 0.6
63 216 0.6
63 219 0.4
63 225 0.6
63 233 0.8
63 234 0.2
63 240 0.6
63 264 0.8
63 278 0.4
63 289 0.6
63 291 0.2
63 294 0.4
63 305 0.6
63 317 0.2
64 68 0.8
64 69 0.8
64 73 0.8
64 87 0.8
64 99 0.4
64 111 0.6
64 116 0.6
64 120 0.6
64 122 0.4
64 126 0.2
64 132 0.4
64 144 0.6
64 147 0.6
64 151 0.8
64 153 0.2
64 167 0.6
64 168 0.8
64 169 0.6
64 180 0.8
64 186 0.4
64 194 0.4
64 199 0.6
64 202 0.4
64 203 0.6
64 204 0.6
64 205 0.8
64 209 0.8
64 210 0.4
64 213 0.6
64 214 0.6
64 232 0.2
64 233 0.6
64 237 0.6
64 239 0.4
64 250 0.8
64 255 0.4
64 268 0.8
64 272 0.6
64 274 1.0
64 280 0.2
64 284 0.8
64 289 0.6
64 308 0.6
64 313 0.4
64 315 0.4
64 316 0.4
64 322 0.6
65 71 0.6
65 72 0.2
65 75 0.8
65 88 0.8
65 90 0.0
65 99 0.4
65 101 0.4
65 104 0.4
65 108 0.4
65 115 0.4
65 124 0.2
65 132 0.4
65 134 0.6
65 143 0.4
65 175 0.4
65 182 0.4
65 188 0.8
65 199 0.6
65 212 0.8
65 224 0.4
65 226 0.6
65 231 0.2
65 232 0.4
65 245 0.6
65 246 0.4
65 249 0.4
65 258 0.6
65 260 0.2
65 271 0.6
65 280 0.2
65 286 0.4
65 287 0.6
65 290 0.4
65 299 0.4
65 300 0.4
65 302 0.2
65 303 0.4
65 304 0.6
65 307 0.2
65 311 0.4
65 314 0.6
65 320 0.4
66 75 0.8
66 80 0.4
66 88 0.6
66 103 0.8
66 107 0.8
66 108 0.4
66 132 0.4
66 182 0.6
66 212 0.6
66 226 0.4
66 249 0.4
66 271 0.4
66 278 0.8
66 286 0.4
66 299 0.4
66 312 0.4
66 314 0.6
67 70 0.4
67 74 0.0
67 77 0.4
67 78 0.6
67 82 0.2
67 84 0.4
67 89 0.4
67 90 0.2
67 93 0.2
67 97 0.4
67 111 0.2
67 112 0.4
67 114 0.4
67 115 0.6
67 116 0.2
67 119 0.8
67 126 0.2
67 129 0.2
67 137 0.4
67 140 0.6
67 144 0.4
67 146 0.2
67 149 0.2
67 152 0.8
67 162 0.2
67 167 0.4
67 170 0.2
67 186 0.0
67 188 0.6
67 191 0.2
67 192 0.6
67 196 0.4
67 197 0.2
67 201 0.2
67 202 0.4
67 207 0.4
67 211 0.4
67 212 0.6
67 215 0.4
67 217 0.2
67 218 0.6
67 219 0.2
67 220 0.4
67 225 0.2
67 228 0.2
67 230 0.6
67 232 0.8
67 233 0.6
67 234 0.4
67 238 0.4
67 239 0.4
67 240 0.2
67 255 0.0
67 257 0.2
67 260 0.6
67 263 0.2
67 264 0.4
67 267 0.4
67 269 0.4
67 272 0.2
67 273 0.4
67 277 0.4
67 283 0.4
67 290 0.0
67 291 0.0
67 294 0.4
67 305 0.2
67 308 0.4
67 316 0.6
67 318 0.2
68 73 0.8
68 92 0.4
68 99 0.4
68 112 0.6
68 122 0.4
68 147 0.6
68 164 0.6
68 167 0.6
68 169 0.6
68 186 0.4
68 200 0.8
68 204 0.6
68 213 0.6
68 260 0.4
68 268 0.8
68 284 0.8
68 289 0.6
68 310 0.8
69 72 0.4
69 73 0.6
69 76 0.2
69 96 0.6
69 100 0.6
69 104 0.4
69 106 0.6
69 113 0.4
69 119 0.4
69 120 0.6
69 121 0.2
69 125 0.4
69 126 0.4
69 127 0.4
69 136 0.4
69 147 0.6
69 154 0.6
69 155 0.2
69 157 0.6
69 159 0.8
69 162 0.4
69 168 0.8
69 169 0.6
69 180 0.6
69 189 0.4
69 190 0.4
69 194 0.6
69 199 0.6
69 202 0.4
69 203 0.6
69 204 0.6
69 205 0.6
69 209 0.6
69 210 0.6
69 223 0.6
69 229 0.4
69 232 0.2
69 235 0.2
69 237 0.6
69 242 0.2
69 244 0.6
69 255 0.6
69 257 0.4
69 260 0.2
69 268 0.6
69 280 0.2
69 282 0.8
69 308 0.6
69 310 0.8
69 313 0.4
69 323 0.6
70 79 0.2
70 84 0.6
70 89 0.6
70 93 0.6
70 97 1.0
70 111 0.6
70 114 0.6
70 116 0.6
70 129 0.8
70 134 0.6
70 140 0.2
70 146 0.8
70 161 0.4
70 169 0.6
70 170 0.6
70 192 0.2
70 197 0.6
70 202 0.6
70 209 0.4
70 215 0.6
70 219 0.8
70 220 0.4
70 225 0.8
70 228 0.2
70 233 0.2
70 238 0.6
70 240 0.6
70 255 0.4
70 260 0.2
70 263 0.6
70 264 0.4
70 265 0.4
70 267 0.2
70 272 0.6
70 273 0.6
70 277 0.6
70 280 0.4
70 305 0.6
70 316 0.2
70 317 0.4
70 318 0.6
70 319 0.6
71 99 0.6
71 143 0.4
71 171 0.4
71 175 0.6
71 245 0.4
71 299 0.6
71 302 0.4
72 126 0.4
72 135 0.6
72 144 0.2
72 154 0.4
72 155 0.6
72 157 0.8
72 159 0.6
72 176 0.2
72 194 0.6
72 202 0.2
72 212 0.2
72 223 0.4
72 229 0.2
72 235 0.6
72 237 0.4
72 244 0.6
72 261 0.2
72 280 0.0
72 292 0.4
72 303 0.0
72 323 0.6
73 87 0.8
73 96 0.6
73 119 0.4
73 120 0.6
73 126 0.4
73 136 0.6
73 144 0.4
73 147 0.6
73 151 0.8
73 153 0.2
73 154 0.6
73 167 0.6
73 168 0.6
73 169 0.8
73 180 0.8
73 186 0.4
73 190 0.6
73 193 0.6
73 194 0.4
73 197 0.6
73 199 0.4
73 200 0.8
73 202 0.4
73 204 0.6
73 205 0.8
73 209 0.8
73 213 0.8
73 214 0.6
73 232 0.2
73 233 0.4
73 237 0.6
73 250 0.8
73 260 0.4
73 261 0.0
73 264 0.6
73 268 0.8
73 272 0.6
73 274 0.8
73 278 0.6
73 280 0.2
73 284 0.8
73 289 0.6
73 292 0.6
73 297 0.4
73 308 0.8
73 310 0.8
73 316 0.4
73 323 0.4
74 94 0.2
74 105 0.6
74 116 0.2
74 117 0.6
74 124 0.6
74 128 0.8
74 134 0.2
74 145 0.8
74 148 0.2
74 152 0.0
74 160 0.0
74 162 0.6
74 175 0.2
74 184 0.2
74 187 0.0
74 192 0.0
74 208 0.4
74 212 0.4
74 224 0.2
74 231 0.6
74 234 0.2
74 245 0.4
74 255 0.6
74 262 0.2
74 263 0.2
74 277 0.2
74 286 0.2
74 288 0.8
74 299 0.2
74 303 0.2
74 304 0.4
74 309 0.4
74 314 0.4
74 317 0.2
74 320 0.6
74 322 0.2
75 78 0.6
75 88 0.6
75 103 1.0
75 124 0.2
75 132 0.4
75 152 0.6
75 156 0.4
75 164 0.6
75 175 0.4
75 176 0.8
75 182 0.4
75 184 0.4
75 188 0.8
75 195 0.6
75 212 0.8
75 224 0.4
75 226 0.6
75 245 0.6
75 246 0.4
75 249 0.4
75 251 0.4
75 260 0.2
75 271 0.6
75 278 0.8
75 286 0.4
75 287 0.6
75 290 0.4
75 295 0.4
75 299 0.4
75 303 0.4
75 304 0.6
75 312 0.4
75 314 0.6
75 320 0.2
75 322 0.4
76 100 0.2
76 113 0.4
76 125 0.2
76 126 0.2
76 136 0.4
76 144 0.6
76 147 0.4
76 154 0.2
76 157 0.0
76 158 0.4
76 159 0.0
76 168 0.4
76 169 0.4
76 192 0.6
76 194 0.0
76 196 0.6
76 199 0.4
76 237 0.4
76 245 0.2
76 255 0.0
76 261 0.2
76 263 0.4
76 282 0.4
76 291 0.2
76 313 0.6
77 84 0.2
77 89 0.2
77 111 0.2
77 115 0.2
77 137 0.2
77 211 0.2
77 238 0.2
77 240 0.2
77 255 0.0
77 257 0.2
77 262 0.2
77 280 0.2
77 317 0.4
77 321 0.2
78 82 0.4
78 89 0.4
78 90 0.2
78 99 0.8
78 112 0.4
78 115 0.6
78 116 0.2
78 140 0.2
78 152 0.6
78 164 0.4
78 167 0.4
78 175 0.8
78 188 0.6
78 197 0.2
78 201 0.0
78 207 0.4
78 212 0.6
78 215 0.4
78 217 0.4
78 218 0.6
78 219 0.2
78 226 0.8
78 229 0.4
78 230 0.4
78 233 0.4
78 238 0.4
78 245 0.4
78 246 0.2
78 249 0.6
78 255 0.0
78 263 0.2
78 264 0.4
78 280 0.4
78 283 0.4
78 290 0.2
78 291 0.0
78 294 0.4
78 299 0.8
78 305 0.2
78 314 0.4
78 316 0.6
78 318 0.2
78 321 0.4
78 322 0.2
79 116 0.2
79 192 0.2
79 205 0.0
79 215 0.4
79 220 0.6
79 225 0.2
79 228 0.8
79 272 0.2
79 273 0.6
79 291 0.6
80 92 0.4
80 99 0.4
80 103 0.4
80 108 0.4
80 132 0.6
80 139 0.6
80 143 0.6
80 156 0.4
80 163 0.2
80 164 0.6
80 171 0.8
80 172 0.6
80 216 0.4
80 226 0.4
80 233 0.4
80 245 0.6
80 260 0.4
80 271 0.8
80 278 0.6
80 280 0.4
80 286 0.2
80 290 0.2
80 299 0.4
80 302 0.4
80 312 0.4
80 322 0.8
81 86 0.4
82 85 0.8
82 87 0.6
82 93 0.6
82 99 0.6
82 104 0.2
82 116 0.8
82 129 0.6
82 149 0.8
82 151 0.6
82 167 0.4
82 191 0.6
82 197 0.8
82 205 0.6
82 209 0.6
82 214 0.4
82 217 0.6
82 220 0.6
82 233 0.4
82 239 0.6
82 240 0.8
82 255 0.4
82 260 0.4
82 264 0.6
82 272 0.8
82 305 0.8
82 318 0.6
82 322 0.6
84 89 0.8
84 111 0.6
84 115 0.6
84 116 0.6
84 127 0.2
84 137 0.8
84 146 0.6
84 149 0.6
84 152 0.4
84 191 0.6
84 197 0.6
84 205 0.4
84 207 0.4
84 211 0.8
84 217 0.4
84 219 0.8
84 220 0.4
84 225 0.6
84 228 0.2
84 233 0.2
84 238 0.8
84 239 0.4
84 240 0.6
84 260 0.2
84 264 0.4
84 267 0.2
84 272 0.6
84 273 0.4
84 291 0.4
84 294 0.8
84 305 0.6
84 317 0.6
84 318 0.8
84 321 0.8
85 97 0.6
85 99 0.4
85 102 0.8
85 116 0.8
85 149 0.8
85 172 0.8
85 197 0.8
85 204 0.4
85 207 0.6
85 217 0.4
85 239 0.6
85 240 0.8
85 262 1.0
85 264 0.6
85 267 0.2
85 272 0.8
85 285 0.8
85 305 0.8
85 318 0.6
85 321 0.6
87 99 0.4
87 116 0.8
87 120 0.8
87 127 0.2
87 144 0.4
87 167 0.6
87 169 0.6
87 180 0.8
87 190 0.6
87 194 0.6
87 202 0.4
87 203 0.6
87 204 0.8
87 205 0.8
87 209 1.0
87 210 0.4
87 214 0.8
87 218 0.4
87 232 0.2
87 233 0.4
87 239 0.4
87 260 0.4
87 268 0.8
87 272 0.6
87 280 0.2
87 289 0.8
87 295 0.4
87 296 0.4
87 310 0.8
87 316 0.4
87 318 0.4
88 99 0.6
88 103 0.6
88 108 0.6
88 124 0.2
88 132 0.6
88 156 0.6
88 164 0.8
88 171 0.4
88 175 0.6
88 176 0.8
88 184 0.4
88 197 0.8
88 212 0.6
88 216 0.6
88 224 0.4
88 226 0.4
88 245 0.8
88 249 0.6
88 251 0.4
88 260 0.4
88 278 0.8
88 284 0.6
88 286 0.4
88 287 0.8
88 288 0.4
88 290 0.4
88 295 0.6
88 299 0.6
88 302 0.4
88 303 0.2
88 304 0.8
88 312 0.6
88 314 0.8
88 322 0.6
89 99 0.2
89 111 0.6
89 115 0.6
89 116 0.8
89 129 0.6
89 137 0.8
89 146 0.6
89 197 0.6
89 207 0.4
89 215 0.4
89 219 0.6
89 220 0.4
89 225 0.6
89 233 0.2
89 238 0.8
89 239 0.4
89 240 0.6
89 264 0.4
89 267 0.2
89 272 0.6
89 273 0.4
89 283 0.8
89 294 1.0
89 305 0.8
89 318 0.6
89 321 0.8
90 113 0.6
90 124 0.6
90 125 0.6
90 131 0.4
90 136 0.2
90 140 0.6
90 144 0.2
90 162 0.4
90 171 0.2
90 183 0.4
90 201 0.4
90 202 0.0
90 208 0.2
90 215 0.2
90 218 0.2
90 221 0.0
90 224 0.2
90 229 0.0
90 231 0.6
90 240 0.0
90 241 0.6
90 246 0.6
90 255 0.4
90 261 0.4
90 263 0.2
90 275 0.2
90 280 0.4
90 286 0.4
90 288 0.6
90 290 0.4
90 291 0.4
90 293 0.0
90 300 0.4
90 303 0.2
90 309 0.0
90 319 0.2
90 320 0.4
90 322 0.2
91 163 0.4
92 99 0.8
92 108 0.8
92 132 0.8
92 156 0.8
92 164 0.6
92 212 0.4
92 245 0.6
92 249 0.8
92 271 0.2
92 286 0.6
92 290 0.2
92 299 0.8
92 304 0.8
92 312 0.8
92 314 0.6
93 115 0.4
93 116 0.6
93 146 0.6
93 170 0.6
93 190 0.2
93 197 0.6
93 205 0.4
93 207 0.4
93 220 0.4
93 228 0.6
93 233 0.2
93 238 0.6
93 253 0.8
93 264 0.4
93 267 0.2
93 272 0.6
93 305 0.6
93 318 0.6
93 321 0.6
94 134 0.6
94 181 1.0
94 277 0.8
94 309 0.2
94 320 0.4
95 125 0.6
95 144 0.8
95 169 0.6
95 186 0.2
95 189 0.8
95 190 0.6
95 194 0.2
95 198 0.6
95 209 0.4
95 210 0.6
95 212 0.2
95 232 0.4
95 237 0.8
95 261 0.2
95 280 0.6
95 290 0.0
95 313 0.8
95 316 0.6
96 104 0.4
96 106 0.8
96 107 0.6
96 116 0.4
96 120 0.8
96 127 0.4
96 144 0.6
96 147 0.8
96 154 0.6
96 158 0.8
96 167 0.4
96 168 0.8
96 169 0.8
96 177 0.8
96 186 0.4
96 189 0.6
96 194 0.4
96 196 0.8
96 197 0.4
96 205 0.8
96 209 0.6
96 232 0.4
96 252 0.2
96 261 0.0
96 268 0.6
97 115 0.4
97 116 0.6
97 137 0.6
97 140 0.2
97 149 0.6
97 197 0.6
97 207 0.4
97 217 0.6
97 219 0.8
97 220 0.4
97 225 0.8
97 233 0.2
97 238 0.6
97 240 0.6
97 264 0.4
97 265 0.4
97 272 0.6
97 280 0.4
97 291 0.4
97 305 0.6
97 321 0.6
98 126 0.2
98 144 0.6
98 177 0.8
98 230 0.2
98 261 0.0
99 101 0.2
99 102 0.4
99 103 0.4
99 108 0.8
99 112 0.2
99 115 0.4
99 116 0.4
99 119 0.4
99 120 0.2
99 124 0.4
99 127 0.4
99 128 0.2
99 131 0.4
99 132 0.8
99 134 0.2
99 139 0.2
99 140 0.2
99 143 0.6
99 149 0.4
99 156 0.8
99 161 0.2
99 162 0.0
99 163 0.4
99 164 0.6
99 165 0.4
99 168 0.2
99 170 0.4
99 175 1.0
99 178 0.4
99 179 0.4
99 180 0.4
99 184 0.6
99 189 0.6
99 207 0.6
99 209 0.4
99 217 0.4
99 224 0.6
99 226 0.6
99 231 0.4
99 232 0.4
99 240 0.4
99 241 0.0
99 245 0.6
99 248 0.2
99 249 0.8
99 262 0.4
99 264 0.6
99 267 0.2
99 268 0.4
99 274 0.4
99 277 0.2
99 278 0.6
99 283 0.2
99 284 0.4
99 286 0.6
99 287 0.6
99 288 0.2
99 290 0.2
99 291 0.0
99 294 0.2
99 295 0.8
99 299 1.0
99 302 0.6
99 303 0.4
99 304 0.6
99 305 0.4
99 312 0.8
99 314 0.6
99 320 0.0
99 322 0.4
100 106 0.6
100 119 0.4
100 120 0.8
100 126 0.2
100 127 0.2
100 144 0.4
100 147 0.8
100 158 0.8
100 168 0.6
100 169 0.6
100 177 0.6
100 189 0.4
100 196 0.4
100 199 0.4
100 202 0.4
100 230 0.6
100 255 0.2
100 261 0.2
100 280 0.2
100 291 0.2
100 323 0.6
101 161 0.8
101 163 0.6
101 173 0.8
101 174 0.6
101 179 0.4
101 185 0.8
101 256 0.8
101 258 0.4
101 260 0.4
101 266 0.6
101 276 0.6
101 304 0.4
101 307 0.6
101 314 0.4
102 115 0.4
102 116 1.0
102 172 1.0
102 191 0.6
102 197 0.8
102 207 0.6
102 209 0.8
102 225 0.6
102 233 0.4
102 240 0.8
102 249 0.4
102 260 0.4
102 264 0.6
102 272 0.8
102 294 0.8
102 305 1.0
102 318 0.6
103 108 0.4
103 115 0.4
103 132 0.4
103 139 0.6
103 143 0.4
103 152 0.6
103 156 0.4
103 164 0.6
103 182 0.4
103 184 0.4
103 188 0.8
103 212 0.8
103 214 0.2
103 224 0.4
103 226 0.6
103 245 0.6
103 249 0.4
103 251 0.4
103 258 0.8
103 260 0.2
103 263 0.4
103 271 0.6
103 278 0.8
103 280 0.2
103 286 0.4
103 290 0.4
103 295 0.4
103 299 0.4
103 302 0.2
103 303 0.4
103 304 0.6
103 312 0.4
103 314 0.6
103 320 0.2
103 322 0.4
104 115 0.8
104 116 0.2
104 119 0.8
104 120 0.4
104 121 0.0
104 126 0.4
104 136 0.8
104 137 0.6
104 144 0.6
104 154 0.4
104 167 0.8
104 190 0.6
104 193 0.8
104 194 0.2
104 199 0.8
104 205 0.4
104 209 0.4
104 223 0.8
104 232 0.6
104 233 0.4
104 242 0.4
104 244 0.2
104 255 0.0
104 261 0.2
104 263 0.2
104 268 0.6
104 269 0.4
104 283 0.4
104 308 0.6
104 316 0.8
104 320 0.0
104 322 0.2
104 323 0.2
105 117 0.6
105 128 0.6
105 134 0.2
105 148 0.2
105 162 0.4
105 231 0.4
105 277 0.2
105 281 0.8
105 320 0.4
106 112 0.6
106 120 0.8
106 125 0.4
106 126 0.2
106 127 0.4
106 144 0.6
106 147 0.8
106 152 0.2
106 157 0.4
106 158 0.8
106 167 0.4
106 168 0.8
106 169 0.8
106 177 0.8
106 196 0.6
106 202 0.6
106 219 0.8
106 230 0.2
106 237 1.0
106 252 0.2
106 255 0.2
106 260 0.2
106 268 0.6
106 279 0.2
106 289 0.4
106 292 1.0
106 323 0.4
107 144 0.4
107 164 0.6
107 182 0.6
107 184 0.6
107 249 0.4
107 286 0.4
108 132 0.8
108 143 0.6
108 156 0.8
108 164 0.6
108 167 0.8
108 182 0.6
108 188 0.4
108 204 0.2
108 212 0.4
108 216 0.8
108 226 0.6
108 233 0.6
108 245 0.6
108 249 0.8
108 251 0.2
108 263 0.2
108 264 0.6
108 271 0.2
108 278 0.6
108 286 0.6
108 287 0.6
108 290 0.2
108 295 0.8
108 299 0.8
108 302 0.6
108 304 0.6
108 312 0.8
108 314 0.6
108 322 0.4
109 186 0.4
110 144 0.6
110 186 0.4
110 204 0.6
110 252 0.2
110 261 0.0
110 292 0.8
111 116 0.8
111 129 0.6
111 146 0.8
111 164 0.6
111 170 1.0
111 191 0.6
111 197 0.8
111 211 0.6
111 219 0.6
111 220 0.6
111 233 0.4
111 238 0.6
111 240 0.8
111 245 0.6
111 262 0.8
111 264 0.6
111 265 0.4
111 272 1.0
111 280 0.2
111 283 0.6
111 294 0.6
111 305 0.8
111 318 0.6
111 321 0.6
112 119 0.6
112 120 0.6
112 126 0.2
112 136 0.6
112 147 0.6
112 167 0.4
112 169 0.6
112 186 0.4
112 194 0.4
112 202 0.4
112 203 0.8
112 209 0.6
112 214 0.4
112 218 0.6
112 223 0.8
112 229 0.6
112 232 0.6
112 237 0.6
112 258 0.4
112 260 0.2
112 261 0.0
112 264 0.2
112 280 0.2
112 284 0.6
112 289 0.4
112 303 0.4
112 308 0.8
112 313 0.4
112 316 0.6
113 116 0.0
113 124 0.6
113 125 0.8
113 126 0.8
113 130 0.4
113 136 0.4
113 140 0.6
113 144 0.4
113 154 0.2
113 167 0.6
113 169 0.2
113 177 0.2
113 189 0.4
113 190 0.4
113 191 0.4
113 193 0.4
113 194 0.6
113 199 0.4
113 201 0.4
113 202 0.0
113 204 0.2
113 205 0.2
113 207 0.4
113 209 0.2
113 213 0.4
113 224 0.4
113 228 0.6
113 230 0.2
113 239 0.2
113 242 0.6
113 255 0.4
113 261 0.4
113 263 0.0
113 277 0.0
113 280 0.2
113 281 0.2
113 282 0.6
113 290 0.4
113 291 0.6
113 293 0.0
113 319 0.2
113 323 0.6
114 115 0.6
114 116 0.4
114 127 0.6
114 129 0.6
114 137 0.4
114 146 0.8
114 192 0.4
114 197 0.4
114 217 0.4
114 219 0.6
114 220 0.6
114 225 0.6
114 228 0.4
114 233 0.4
114 238 0.4
114 264 0.6
114 272 0.6
114 273 0.8
114 280 0.6
114 305 0.4
115 116 0.4
115 124 0.2
115 130 0.8
115 136 0.6
115 137 0.8
115 140 0.2
115 146 0.4
115 152 0.6
115 163 0.6
115 176 0.4
115 191 0.6
115 197 0.4
115 201 0.0
115 207 0.8
115 211 0.6
115 212 0.4
115 215 0.8
115 217 0.2
115 219 0.4
115 220 0.6
115 225 0.4
115 228 0.4
115 229 0.4
115 232 0.6
115 233 0.4
115 238 0.6
115 240 0.4
115 255 0.2
115 264 0.6
115 267 0.2
115 269 0.6
115 271 0.4
115 272 0.4
115 273 0.6
115 283 0.6
115 286 0.4
115 290 0.0
115 291 0.4
115 294 0.6
115 302 0.4
115 303 0.6
115 305 0.4
115 318 0.4
115 319 0.6
115 321 0.6
116 119 0.2
116 124 0.0
116 125 0.0
116 126 0.0
116 127 0.2
116 129 0.6
116 130 0.6
116 137 0.6
116 140 0.0
116 146 0.6
116 149 0.8
116 156 0.4
116 163 0.4
116 166 0.6
116 169 0.4
116 170 0.8
116 175 0.4
116 179 0.4
116 180 0.6
116 190 0.4
116 191 0.6
116 192 0.2
116 193 0.2
116 197 0.8
116 201 0.4
116 204 0.6
116 205 0.6
116 207 0.6
116 208 0.6
116 209 0.8
116 211 0.8
116 212 0.4
116 213 0.4
116 214 0.6
116 215 0.4
116 217 0.4
116 219 0.6
116 220 0.6
116 224 0.2
116 225 0.6
116 228 0.2
116 230 0.4
116 232 0.2
116 233 0.4
116 234 0.2
116 237 0.4
116 238 0.6
116 239 0.6
116 240 0.8
116 248 0.4
116 253 0.6
116 255 0.4
116 257 0.2
116 260 0.4
116 262 0.8
116 263 0.4
116 264 0.6
116 267 0.2
116 272 0.8
116 273 0.4
116 276 0.2
116 277 0.4
116 278 0.6
116 280 0.2
116 283 0.6
116 285 0.8
116 290 0.2
116 291 0.4
116 294 0.8
116 295 0.4
116 305 1.0
116 310 0.6
116 313 0.2
116 317 0.6
116 318 0.6
116 319 0.4
116 321 0.6
117 124 0.4
117 134 0.2
117 145 0.8
117 162 0.4
117 224 0.2
117 231 0.4
117 263 0.2
117 277 0.2
117 288 0.6
117 309 0.6
117 320 0.4
118 186 0.2
119 120 0.4
119 124 0.4
119 125 0.4
119 126 0.4
119 136 0.8
119 137 0.4
119 162 0.0
119 169 0.4
119 175 0.4
119 186 0.2
119 190 0.6
119 193 0.8
119 194 0.2
119 199 0.8
119 207 0.4
119 211 0.4
119 213 0.6
119 232 0.6
119 255 0.0
119 261 0.2
119 269 0.4
119 282 0.6
119 308 0.6
119 316 0.8
119 323 0.2
120 122 0.4
120 126 0.2
120 136 0.4
120 144 0.6
120 147 1.0
120 157 0.4
120 167 0.4
120 168 0.8
120 169 0.8
120 177 0.8
120 186 0.4
120 189 0.6
120 190 0.4
120 196 0.6
120 199 0.4
120 202 0.6
120 205 0.6
120 209 0.8
120 210 0.4
120 213 0.4
120 214 0.6
120 218 0.4
120 223 0.6
120 229 0.4
120 232 0.2
120 255 0.2
120 260 0.2
120 272 0.4
120 280 0.4
120 308 0.6
120 310 0.6
120 316 0.4
120 323 0.6
121 124 0.4
121 125 0.4
121 126 0.4
121 137 0.0
121 155 0.2
121 162 0.6
121 180 0.0
121 189 0.0
121 190 0.0
121 194 0.4
121 205 0.0
121 210 0.2
121 235 0.2
121 242 0.2
121 244 0.4
121 268 0.0
121 323 0.4
122 126 0.0
122 144 0.2
122 167 0.4
122 204 0.4
122 284 0.4
122 289 0.6
123 217 0.2
123 291 0.6
124 125 0.6
124 126 0.6
124 128 0.6
124 132 0.4
124 134 0.0
124 136 0.2
124 140 0.8
124 145 0.6
124 162 0.4
124 175 0.4
124 176 0.2
124 184 0.4
124 190 0.2
124 192 0.2
124 193 0.2
124 195 0.6
124 201 0.4
124 207 0.2
124 208 0.2
124 212 0.4
124 224 0.4
124 231 0.8
124 242 0.4
124 245 0.2
124 246 0.6
124 255 0.4
124 257 0.4
124 263 0.0
124 277 0.0
124 280 0.2
124 282 0.4
124 286 0.4
124 287 0.2
124 288 0.6
124 290 0.6
124 299 0.4
124 303 0.2
124 304 0.2
124 309 0.2
124 314 0.2
124 320 0.4
124 322 0.0
125 126 0.8
125 128 0.4
125 136 0.4
125 147 0.2
125 154 0.2
125 157 0.4
125 162 0.4
125 168 0.2
125 169 0.2
125 171 0.2
125 175 0.2
125 189 0.4
125 190 0.4
125 193 0.4
125 194 0.6
125 196 0.4
125 199 0.4
125 202 0.0
125 204 0.2
125 205 0.2
125 207 0.2
125 217 0.0
125 219 0.2
125 232 0.2
125 233 0.2
125 237 0.4
125 242 0.6
125 244 0.6
125 255 0.4
125 261 0.4
125 281 0.2
125 282 0.6
125 291 0.4
125 308 0.2
125 318 0.2
125 323 0.6
126 144 0.4
126 147 0.2
126 151 0.2
126 154 0.2
126 155 0.6
126 159 0.6
126 162 0.4
126 167 0.4
126 169 0.4
126 171 0.0
126 175 0.2
126 177 0.2
126 180 0.2
126 186 0.2
126 189 0.4
126 190 0.4
126 193 0.6
126 194 0.6
126 199 0.4
126 202 0.0
126 204 0.2
126 205 0.2
126 207 0.2
126 209 0.2
126 210 0.6
126 213 0.6
126 214 0.4
126 218 0.4
126 223 0.2
126 229 0.0
126 232 0.2
126 233 0.2
126 235 0.6
126 237 0.2
126 242 0.6
126 244 0.6
126 250 0.2
126 255 0.4
126 258 0.2
126 261 0.4
126 263 0.0
126 264 0.4
126 268 0.2
126 269 0.0
126 280 0.2
126 282 0.6
126 285 0.0
126 290 0.4
126 291 0.4
126 292 0.2
126 308 0.4
126 310 0.2
126 313 0.4
126 316 0.4
126 323 0.6
127 144 0.8
127 147 0.4
127 153 0.2
127 162 0.0
127 168 0.6
127 171 0.2
127 180 0.2
127 194 0.0
127 201 0.0
127 202 0.4
127 205 0.2
127 209 0.2
127 210 0.4
127 215 0.6
127 218 0.4
127 228 0.2
127 229 0.2
127 230 0.4
127 232 0.4
127 255 0.2
127 260 0.4
127 275 0.2
127 280 0.6
127 290 0.0
127 295 0.4
127 300 0.4
127 310 0.4
128 134 0.4
128 162 0.6
128 178 0.6
128 184 0.2
128 194 0.6
128 231 0.6
128 277 0.4
128 286 0.2
128 309 0.6
128 320 0.8
129 146 0.8
129 149 0.6
129 161 0.4
129 170 0.6
129 191 0.6
129 197 0.8
129 202 0.6
129 211 0.6
129 215 0.6
129 219 0.8
129 220 0.4
129 225 1.0
129 228 0.2
129 233 0.4
129 238 0.6
129 240 0.6
129 255 0.6
129 263 0.6
129 264 0.4
129 265 0.4
129 267 0.2
129 272 0.6
129 273 0.6
129 280 0.4
129 281 0.2
129 283 0.6
129 294 0.6
129 318 0.6
130 137 0.6
130 191 0.6
130 197 0.6
130 200 0.4
130 201 0.0
130 214 0.6
130 219 0.4
130 220 0.8
130 225 0.4
130 233 0.6
130 240 0.6
130 264 0.8
130 291 0.4
130 318 0.4
131 171 0.4
131 218 0.4
131 229 0.2
131 241 0.2
131 275 0.4
131 322 0.4
132 143 0.8
132 149 0.4
132 156 0.8
132 164 0.6
132 171 0.4
132 172 0.4
132 175 0.8
132 176 0.4
132 182 0.6
132 188 0.4
132 200 0.4
132 204 0.2
132 212 0.4
132 213 0.6
132 216 0.8
132 224 0.6
132 226 0.8
132 239 0.6
132 245 0.6
132 249 1.0
132 251 0.2
132 254 0.2
132 258 0.6
132 260 0.6
132 263 0.2
132 271 0.4
132 278 0.6
132 286 0.6
132 287 0.6
132 289 0.6
132 290 0.2
132 295 0.8
132 299 0.8
132 300 0.4
132 302 0.6
132 303 0.4
132 304 0.6
132 312 0.8
132 314 0.6
132 320 0.0
132 322 0.4
133 315 0.0
134 148 0.4
134 162 0.2
134 178 0.8
134 181 0.6
134 192 0.2
134 208 0.4
134 212 0.4
134 224 0.4
134 231 0.0
134 260 0.2
134 263 0.6
134 277 0.8
134 280 0.4
134 281 0.2
134 286 0.2
134 288 0.2
134 309 0.4
134 314 0.4
134 320 0.4
135 157 0.6
135 193 0.2
135 196 0.4
135 199 0.2
135 206 0.6
135 232 0.2
135 237 0.4
135 261 0.0
136 137 0.4
136 144 0.6
136 152 0.6
136 154 0.4
136 167 0.6
136 169 0.6
136 175 0.4
136 189 0.6
136 190 0.6
136 193 1.0
136 194 0.2
136 199 0.8
136 204 0.4
136 213 0.8
136 232 0.6
136 242 0.4
136 255 0.0
136 261 0.2
136 264 0.6
136 268 0.4
136 291 0.0
136 308 0.8
136 316 0.8
137 140 0.0
137 152 0.4
137 191 0.8
137 193 0.4
137 211 0.8
137 213 0.2
137 217 0.4
137 219 0.6
137 225 0.6
137 228 0.2
137 238 0.8
137 255 0.4
137 267 0.2
137 269 0.8
137 283 0.8
137 291 0.6
137 303 0.4
137 308 0.6
137 321 0.8
138 163 0.6
138 173 0.8
138 185 0.8
138 248 0.8
139 152 0.4
139 188 0.6
139 212 0.6
139 226 0.4
139 249 0.2
139 258 0.4
139 271 0.8
139 280 0.4
139 290 0.2
139 314 0.4
140 146 0.0
140 152 0.4
140 156 0.4
140 162 0.6
140 188 0.2
140 190 0.2
140 191 0.2
140 197 0.0
140 201 0.6
140 219 0.0
140 228 0.6
140 233 0.4
140 238 0.0
140 240 0.0
140 255 0.4
140 263 0.0
140 264 0.2
140 272 0.0
140 280 0.2
140 283 0.0
140 290 0.4
140 291 0.4
140 305 0.0
140 318 0.0
140 319 0.2
140 321 0.0
141 202 0.4
141 223 0.2
141 229 0.4
142 203 0.4
142 274 0.6
143 156 0.6
143 164 0.6
143 175 0.6
143 201 0.0
143 212 0.4
143 226 0.6
143 245 0.6
143 249 0.8
143 251 0.2
143 260 0.4
143 264 0.4
143 278 0.6
143 286 0.4
143 287 0.6
143 290 0.2
143 299 0.6
143 302 0.4
143 304 0.6
143 312 0.6
143 314 0.6
144 147 0.6
144 151 0.4
144 152 0.4
144 153 0.4
144 157 0.4
144 158 0.6
144 167 0.6
144 168 0.8
144 169 0.6
144 171 0.2
144 177 0.8
144 178 0.6
144 180 0.4
144 186 0.2
144 189 0.8
144 193 0.6
144 194 0.2
144 195 0.4
144 196 0.8
144 199 0.8
144 201 0.0
144 202 0.4
144 203 0.4
144 204 0.4
144 205 0.4
144 209 0.4
144 210 0.6
144 214 0.6
144 215 0.6
144 217 0.4
144 218 0.6
144 219 0.4
144 221 0.6
144 223 0.4
144 229 0.2
144 230 0.4
144 232 0.4
144 237 0.6
144 238 0.2
144 250 0.4
144 252 0.2
144 255 0.2
144 260 0.4
144 261 0.4
144 263 0.4
144 268 0.4
144 273 0.6
144 275 0.2
144 280 0.6
144 284 0.4
144 290 0.0
144 291 0.0
144 292 0.6
144 293 0.4
144 295 0.4
144 297 0.6
144 308 0.4
144 310 0.6
144 313 0.8
144 315 0.2
144 316 0.6
145 175 0.2
145 192 0.0
145 208 0.6
145 212 0.4
145 224 0.2
145 231 0.6
145 245 0.4
145 263 0.2
145 280 0.0
145 286 0.2
145 288 0.8
145 293 0.2
145 303 0.0
145 314 0.6
145 320 0.6
146 191 0.6
146 197 0.6
146 212 0.4
146 215 0.6
146 217 0.6
146 219 0.8
146 220 0.4
146 225 0.8
146 228 0.2
146 233 0.2
146 238 0.6
146 240 0.6
146 264 0.4
146 267 0.2
146 272 0.8
146 273 0.6
146 280 0.4
146 285 0.6
146 305 0.6
146 318 0.6
146 321 0.6
147 157 0.4
147 167 0.4
147 168 0.8
147 169 0.8
147 177 0.8
147 180 0.6
147 186 0.4
147 190 0.4
147 194 0.6
147 196 0.6
147 199 0.4
147 205 0.6
147 209 0.8
147 210 0.4
147 214 0.6
147 215 0.4
147 221 0.8
147 223 0.6
147 230 0.4
147 232 0.2
147 237 0.8
147 258 0.2
147 260 0.2
147 261 0.0
147 263 0.6
147 268 0.6
147 280 0.4
147 286 0.2
147 289 0.6
147 290 0.2
147 308 0.6
147 313 0.6
147 316 0.4
148 162 0.2
148 181 0.4
148 247 0.2
148 277 0.4
148 309 0.2
148 320 0.2
149 151 0.6
149 172 0.8
149 197 0.8
149 207 0.6
149 217 0.4
149 220 0.6
149 233 0.4
149 234 0.4
149 238 0.6
149 239 0.6
149 240 0.8
149 258 0.2
149 260 0.4
149 264 0.6
149 272 0.8
149 273 0.4
149 285 0.8
149 305 0.8
149 318 0.6
149 321 0.6
150 304 0.2
151 167 0.6
151 169 0.6
151 180 0.8
151 186 0.4
151 190 0.6
151 193 0.4
151 194 0.4
151 202 0.4
151 204 0.6
151 205 0.8
151 209 0.8
151 214 0.6
151 232 0.2
151 233 0.4
151 237 0.6
151 238 0.4
151 239 0.6
151 240 0.6
151 250 0.8
151 270 0.6
151 272 0.6
151 274 0.8
151 285 0.6
151 295 0.4
151 310 0.8
152 154 0.2
152 162 0.2
152 169 0.2
152 185 0.8
152 187 0.6
152 188 0.4
152 215 0.4
152 217 0.2
152 219 0.2
152 228 0.2
152 258 0.8
152 260 0.6
152 261 0.4
152 273 0.4
152 277 0.4
152 286 0.4
152 290 0.0
152 294 0.4
153 154 0.2
153 167 0.4
153 186 0.2
153 190 0.4
153 194 0.6
153 204 0.2
153 205 0.4
153 206 0.4
153 209 0.2
153 210 0.6
153 214 0.4
153 221 0.2
153 233 0.2
153 242 0.8
153 246 0.4
153 261 0.4
153 266 0.0
153 290 0.4
153 292 0.2
153 313 0.4
153 315 0.6
153 316 0.4
154 180 0.6
154 186 0.6
154 190 0.4
154 199 0.4
154 210 0.4
154 233 0.2
154 261 0.2
154 268 0.6
154 308 0.6
154 323 0.4
155 157 0.6
155 223 0.2
155 229 0.0
155 235 0.8
155 237 0.2
155 244 0.6
155 261 0.4
155 290 0.2
155 323 0.4
156 164 0.6
156 170 0.4
156 175 0.8
156 182 0.6
156 212 0.6
156 214 0.6
156 216 0.8
156 233 0.6
156 239 0.6
156 245 0.6
156 249 0.8
156 251 0.2
156 254 0.0
156 260 0.6
156 264 0.6
156 271 0.2
156 272 0.4
156 278 0.6
156 280 0.4
156 284 0.4
156 286 0.6
156 287 0.6
156 290 0.2
156 295 1.0
156 299 0.8
156 302 0.6
156 304 0.6
156 312 1.0
156 314 0.6
156 322 0.4
157 168 0.6
157 169 0.4
157 194 0.6
157 199 0.4
157 242 0.4
157 255 0.6
157 261 0.4
157 323 0.6
158 169 0.8
158 186 0.4
158 189 0.6
158 196 0.6
158 204 0.8
158 237 0.8
158 292 0.8
159 168 0.6
159 190 0.2
159 194 0.8
159 199 0.4
159 242 0.4
159 255 0.8
159 261 0.4
159 268 0.4
159 323 0.8
161 182 0.2
161 236 0.8
161 256 0.8
161 265 0.6
161 266 0.6
161 276 0.6
161 299 0.2
161 304 0.4
161 307 0.6
161 311 0.8
161 314 0.4
162 169 0.2
162 192 0.2
162 224 0.0
162 231 0.6
162 261 0.4
162 263 0.4
162 277 0.4
162 290 0.8
162 309 0.2
162 320 0.8
163 172 0.4
163 173 0.4
163 174 0.4
163 179 0.8
163 185 0.8
163 236 0.4
163 248 0.4
163 256 0.4
163 258 0.6
163 266 0.2
163 276 0.6
163 294 0.4
163 310 0.2
164 167 0.4
164 175 0.6
164 182 0.4
164 184 0.4
164 188 0.6
164 212 0.6
164 214 0.4
164 216 0.6
164 224 0.4
164 245 1.0
164 249 0.6
164 251 0.4
164 254 0.2
164 260 0.4
164 263 0.4
164 264 0.4
164 271 0.4
164 278 0.8
164 286 0.4
164 287 1.0
164 290 0.4
164 295 0.6
164 299 0.6
164 302 0.4
164 304 0.8
164 312 0.6
164 313 0.2
164 314 0.8
164 322 0.6
166 264 0.6
166 305 0.6
167 168 0.4
167 169 0.4
167 170 0.4
167 180 0.6
167 186 0.2
167 190 0.8
167 193 0.6
167 194 0.2
167 197 0.4
167 200 0.6
167 202 0.2
167 204 0.4
167 205 0.6
167 209 0.6
167 210 0.6
167 213 0.8
167 214 0.8
167 215 0.6
167 218 0.6
167 221 0.4
167 230 0.4
167 232 0.4
167 233 0.6
167 237 0.4
167 238 0.2
167 239 0.6
167 240 0.4
167 250 0.6
167 260 0.6
167 264 0.6
167 268 0.8
167 272 0.4
167 280 0.4
167 284 0.8
167 285 0.4
167 289 0.8
167 290 0.0
167 292 0.4
167 295 0.6
167 302 0.6
167 310 0.6
167 312 0.6
167 313 0.6
167 316 0.6
167 318 0.2
167 322 0.4
168 169 0.8
168 177 1.0
168 194 0.4
168 196 0.6
168 202 0.6
168 204 0.6
168 205 0.6
168 230 0.2
168 237 0.8
168 255 0.4
168 261 0.2
168 268 0.6
168 292 0.8
168 313 0.6
169 177 0.8
169 180 0.6
169 185 0.2
169 186 0.4
169 188 0.4
169 189 0.6
169 190 0.4
169 193 0.6
169 194 0.4
169 196 0.6
169 199 0.4
169 202 0.6
169 204 0.6
169 205 0.6
169 206 0.4
169 209 0.6
169 210 0.4
169 213 0.6
169 214 0.4
169 215 0.4
169 217 0.6
169 219 0.6
169 221 0.8
169 232 0.2
169 233 0.2
169 237 0.8
169 242 0.2
169 250 0.6
169 255 0.2
169 258 0.2
169 260 0.2
169 261 0.0
169 263 0.6
169 264 0.4
169 268 0.6
169 269 0.4
169 273 0.6
169 274 0.6
169 282 0.4
169 284 0.6
169 290 0.2
169 291 0.2
169 296 0.4
169 308 0.8
169 310 0.6
169 316 0.4
169 319 0.4
170 197 0.8
170 207 0.6
170 209 0.6
170 228 0.2
170 238 0.6
170 255 0.4
170 264 0.6
170 272 1.0
170 318 0.6
171 183 0.8
171 195 0.2
171 199 0.4
171 201 0.2
171 204 0.4
171 212 0.6
171 213 0.2
171 216 0.2
171 218 0.4
171 224 0.2
171 226 0.6
171 245 0.4
171 249 0.4
171 251 0.2
171 260 0.2
171 263 0.6
171 275 0.8
171 280 0.4
171 286 0.2
171 290 0.2
171 299 0.2
171 300 0.6
171 303 0.4
171 314 0.4
171 320 0.2
171 322 0.6
172 197 0.8
172 204 0.6
172 219 0.6
172 233 0.4
172 239 0.6
172 240 0.8
172 245 0.6
172 258 0.2
172 264 0.6
172 278 0.6
172 289 0.6
172 294 0.8
172 305 1.0
172 312 0.4
172 318 0.6
173 174 0.6
173 258 0.2
174 179 0.4
174 185 0.4
174 212 0.4
174 258 0.2
174 266 0.4
174 294 0.4
175 176 0.4
175 182 0.6
175 184 0.6
175 190 0.6
175 193 0.4
175 207 0.6
175 212 0.4
175 224 0.6
175 231 0.4
175 232 0.4
175 233 0.6
175 245 0.6
175 249 0.8
175 251 0.2
175 260 0.6
175 276 0.6
175 286 0.6
175 287 0.6
175 288 0.2
175 290 0.2
175 295 0.8
175 299 1.0
175 302 0.6
175 303 0.4
175 304 0.6
175 305 0.4
175 312 0.8
175 314 0.6
175 320 0.0
175 322 0.4
176 212 0.8
176 245 0.6
176 249 0.4
176 286 0.4
176 302 0.2
176 303 0.4
176 304 0.6
176 314 0.6
177 202 0.6
177 217 0.6
177 230 0.2
177 232 0.2
177 237 0.8
177 261 0.2
177 292 0.8
178 212 0.6
178 224 0.6
178 225 0.8
178 255 0.4
178 277 0.8
178 286 0.4
178 303 0.2
179 209 0.2
179 248 0.4
179 258 0.4
179 266 0.2
179 276 0.6
180 190 0.6
180 193 0.4
180 194 0.4
180 197 0.6
180 202 0.4
180 204 0.6
180 205 0.8
180 209 0.8
180 210 0.4
180 213 0.6
180 214 0.6
180 218 0.4
180 220 0.4
180 232 0.2
180 233 0.4
180 237 0.6
180 239 0.4
180 245 0.6
180 250 0.8
180 260 0.4
180 272 0.6
180 274 0.8
180 280 0.2
180 289 0.6
180 290 0.2
180 292 0.6
180 313 0.4
180 316 0.4
180 318 0.4
180 323 0.4
181 187 0.4
181 247 0.2
181 320 0.4
182 184 0.8
182 192 0.4
182 195 0.6
182 212 0.4
182 219 0.4
182 224 0.8
182 231 0.4
182 236 0.2
182 245 0.4
182 246 0.2
182 249 0.6
182 251 0.2
182 256 0.2
182 263 0.4
182 271 0.2
182 277 0.4
182 280 0.6
182 286 0.6
182 287 0.4
182 290 0.2
182 299 0.6
182 302 0.4
182 303 0.4
182 304 0.4
182 307 0.4
182 311 0.2
182 314 0.4
182 322 0.2
183 199 0.4
183 204 0.4
183 212 0.6
183 213 0.2
183 216 0.2
183 245 0.4
183 286 0.4
183 300 0.6
183 303 0.4
183 308 0.6
183 314 0.4
184 194 0.2
184 195 0.6
184 212 0.4
184 231 0.4
184 245 0.4
184 251 0.2
184 260 0.4
184 277 0.4
184 286 0.6
184 287 0.4
184 290 0.2
184 299 0.6
184 302 0.4
184 303 0.4
184 304 0.4
184 314 0.6
184 322 0.2
185 204 0.2
185 248 0.6
185 258 0.6
186 194 0.4
186 203 0.4
186 204 0.4
186 205 0.4
186 209 0.4
186 214 0.2
186 221 0.4
186 232 0.0
186 258 0.0
186 261 0.2
186 289 0.2
186 292 0.4
186 308 0.4
186 310 0.4
186 313 0.2
186 315 0.4
186 316 0.2
187 196 0.4
187 247 0.0
187 286 0.6
187 309 0.2
187 320 0.2
188 204 0.4
188 212 1.0
188 215 0.2
188 216 0.4
188 249 0.4
188 258 0.6
188 260 0.2
188 271 0.6
188 278 0.6
188 290 0.4
188 291 0.2
188 295 0.6
188 299 0.4
188 304 0.6
188 314 0.6
189 193 0.6
189 194 0.2
189 196 0.8
189 198 0.8
189 210 0.6
189 217 0.6
189 222 0.6
189 230 0.4
189 232 0.4
189 237 0.6
189 242 0.4
189 255 0.0
189 261 0.2
189 282 0.6
189 313 0.8
189 315 0.2
189 322 0.2
190 192 0.4
190 194 0.2
190 197 0.4
190 202 0.2
190 204 0.4
190 205 0.6
190 207 0.6
190 209 0.6
190 210 0.6
190 213 0.8
190 214 0.8
190 218 0.6
190 232 0.4
190 233 0.6
190 237 0.4
190 239 0.6
190 242 0.4
190 250 0.6
190 255 0.0
190 257 0.0
190 260 0.6
190 274 0.6
190 280 0.4
190 282 0.6
190 284 0.6
190 289 0.8
190 296 0.2
190 305 0.4
190 310 0.6
190 313 0.6
190 316 0.6
190 323 0.2
191 197 0.6
191 205 0.4
191 207 0.6
191 209 0.4
191 215 0.6
191 219 0.6
191 220 0.4
191 233 0.2
191 238 0.6
191 245 0.4
191 255 0.6
191 264 0.4
191 272 0.6
191 277 0.4
191 280 0.2
191 291 0.8
191 294 0.6
191 305 0.6
191 316 0.2
191 318 0.6
191 321 0.6
192 201 0.2
192 208 0.4
192 212 0.2
192 215 0.6
192 219 0.2
192 225 0.2
192 230 0.8
192 231 0.2
192 233 0.6
192 257 0.4
192 263 0.2
192 264 0.4
192 273 0.4
192 277 0.4
192 280 0.4
192 290 0.0
192 293 0.4
192 309 0.2
192 320 0.2
193 194 0.2
193 196 0.6
193 204 0.4
193 207 0.4
193 211 0.4
193 213 0.8
193 232 0.6
193 233 0.4
193 237 0.4
193 250 0.4
193 255 0.0
193 261 0.2
193 269 0.4
193 282 0.6
193 308 0.8
194 195 0.2
194 196 0.2
194 199 0.2
194 202 0.2
194 204 0.6
194 205 0.4
194 209 0.6
194 210 0.4
194 214 0.4
194 218 0.2
194 230 0.2
194 232 0.0
194 235 0.4
194 237 0.4
194 242 0.4
194 246 0.6
194 250 0.4
194 255 0.6
194 258 0.0
194 260 0.0
194 261 0.2
194 268 0.4
194 280 0.0
194 282 0.4
194 284 0.4
194 289 0.4
194 290 0.6
194 291 0.6
194 308 0.4
194 310 0.4
194 313 0.2
194 315 1.0
194 323 1.0
195 210 0.6
195 212 0.4
195 224 0.6
195 231 0.6
195 241 0.2
195 246 0.4
195 249 0.6
195 258 0.8
195 263 0.2
195 275 0.2
195 280 0.4
195 286 0.6
195 290 0.4
195 293 0.2
195 299 0.6
195 303 0.4
195 304 0.4
195 314 0.4
195 320 0.2
195 322 0.2
196 261 0.2
196 282 0.6
197 201 0.2
197 205 0.6
197 207 0.6
197 209 0.6
197 211 0.6
197 215 0.4
197 217 0.4
197 219 0.6
197 220 0.6
197 225 0.8
197 228 0.2
197 233 0.6
197 234 0.2
197 238 0.6
197 239 0.6
197 240 0.8
197 253 0.6
197 255 0.6
197 257 0.2
197 260 0.4
197 262 0.8
197 264 0.6
197 267 0.2
197 272 0.8
197 273 0.4
197 277 0.6
197 283 0.6
197 285 0.8
197 290 0.2
197 291 0.4
197 294 0.6
197 305 0.8
197 308 0.4
197 317 0.4
197 318 0.6
197 321 0.6
198 210 0.4
198 217 0.6
198 232 0.6
198 237 0.4
198 261 0.4
198 313 0.6
199 213 0.6
199 217 0.2
199 232 0.6
199 242 0.4
199 244 0.2
199 255 0.2
199 258 0.6
199 261 0.4
199 300 0.6
199 308 0.6
199 316 0.8
199 323 0.2
200 204 0.6
200 213 0.6
200 278 0.8
201 212 0.2
201 217 0.2
201 219 0.2
201 228 0.4
201 233 0.2
201 238 0.2
201 255 0.6
201 257 0.8
201 261 0.4
201 263 0.2
201 264 0.0
201 272 0.2
201 280 0.0
201 291 0.6
201 293 0.4
201 300 0.0
201 302 0.0
201 303 0.2
201 305 0.4
201 318 0.2
201 320 0.8
202 205 0.4
202 209 0.4
202 210 0.2
202 214 0.2
202 215 0.4
202 218 0.2
202 220 0.2
202 223 0.4
202 229 0.8
202 230 0.4
202 232 0.4
202 233 0.4
202 237 0.6
202 238 0.6
202 239 0.2
202 240 0.4
202 258 0.2
202 260 0.4
202 261 0.2
202 263 0.6
202 268 0.4
202 280 0.4
202 290 0.2
202 292 0.6
202 293 0.8
202 296 0.4
202 310 0.4
202 316 0.2
202 318 0.4
202 319 0.4
203 205 0.6
203 237 0.6
203 250 0.6
203 292 0.6
203 295 0.4
203 310 0.6
204 205 0.6
204 213 0.4
204 214 0.6
204 216 0.2
204 221 0.6
204 233 0.2
204 237 0.6
204 239 0.2
204 242 0.2
204 249 0.2
204 250 0.6
204 258 0.2
204 260 0.2
204 264 0.2
204 268 0.6
204 270 0.4
204 274 0.6
204 278 0.4
204 284 0.6
204 285 0.4
204 289 0.6
204 292 0.6
204 296 0.6
204 302 0.2
204 308 0.6
204 310 0.6
204 313 0.4
205 207 0.4
205 209 0.8
205 210 0.4
205 213 0.6
205 214 0.6
205 218 0.4
205 220 0.4
205 232 0.4
205 233 0.4
205 234 0.2
205 237 0.6
205 239 0.4
205 250 0.8
205 260 0.4
205 264 0.4
205 268 0.8
205 272 0.8
205 274 0.8
205 280 0.2
205 284 0.8
205 289 0.6
205 290 0.2
205 295 0.4
205 296 0.4
205 310 0.8
205 313 0.4
205 316 0.4
205 318 0.4
205 323 0.4
206 210 0.2
206 215 0.0
206 261 0.2
206 270 0.4
206 315 0.6
207 209 0.4
207 217 0.2
207 219 0.4
207 220 0.8
207 225 0.4
207 228 0.4
207 233 0.6
207 238 0.4
207 239 0.8
207 240 0.6
207 245 0.4
207 255 0.2
207 257 0.2
207 260 0.6
207 264 0.8
207 267 0.2
207 272 0.6
207 273 0.6
207 276 0.4
207 280 0.4
207 284 0.6
207 291 0.4
207 302 0.6
207 305 0.6
207 314 0.4
207 317 0.2
207 318 0.4
208 212 0.4
208 263 0.4
208 290 0.4
208 293 0.6
209 210 0.4
209 213 0.6
209 214 0.8
209 215 0.2
209 218 0.4
209 220 0.4
209 228 0.0
209 230 0.4
209 232 0.2
209 233 0.4
209 234 0.2
209 235 0.2
209 237 0.6
209 239 0.4
209 249 0.4
209 250 0.8
209 255 0.2
209 257 0.2
209 258 0.2
209 260 0.4
209 264 0.4
209 268 0.8
209 270 0.6
209 272 0.6
209 274 0.8
209 280 0.2
209 284 0.8
209 289 0.8
209 297 0.6
209 305 0.8
209 310 0.8
209 313 0.4
209 315 0.6
209 316 0.4
210 214 0.6
210 218 0.6
210 221 0.4
210 232 0.4
210 235 0.6
210 237 0.4
210 242 0.4
210 246 0.2
210 250 0.4
210 261 0.2
210 263 0.2
210 268 0.4
210 280 0.4
210 289 0.6
210 290 0.2
210 292 0.4
210 295 0.4
210 297 0.6
210 310 0.4
210 313 0.8
210 315 0.4
210 316 0.8
211 212 0.6
211 219 0.6
211 225 0.6
211 233 0.2
211 238 0.8
211 240 0.6
211 255 0.4
211 264 0.4
211 269 0.8
211 272 0.6
211 283 0.8
211 305 0.8
211 306 0.0
211 317 0.8
211 318 0.6
211 321 0.8
212 216 0.4
212 223 0.6
212 224 0.4
212 226 0.6
212 229 0.6
212 231 0.2
212 232 0.4
212 245 0.6
212 246 0.4
212 249 0.4
212 251 0.4
212 257 0.2
212 260 0.2
212 263 0.4
212 267 0.2
212 271 0.6
212 275 0.8
212 278 0.6
212 280 0.2
212 286 0.4
212 287 0.6
212 288 0.4
212 290 0.4
212 293 0.4
212 295 0.6
212 299 0.4
212 302 0.2
212 303 0.4
212 304 0.6
212 312 0.6
212 314 0.6
212 317 0.6
212 322 0.4
213 216 0.6
213 217 0.2
213 232 0.4
213 245 0.4
213 268 0.6
213 269 0.2
213 274 0.6
213 278 0.4
213 284 0.6
213 285 0.4
213 289 0.8
213 296 0.2
213 308 0.6
213 322 0.4
214 215 0.4
214 230 0.6
214 233 0.6
214 238 0.2
214 240 0.4
214 260 0.6
214 263 0.2
214 264 0.6
214 266 0.2
214 268 0.6
214 272 0.4
214 280 0.4
214 284 0.6
214 285 0.4
214 287 0.4
214 289 1.0
214 290 0.0
214 292 0.4
214 295 0.6
214 304 0.4
214 310 0.6
214 312 0.6
214 313 0.6
214 316 0.6
214 322 0.4
215 218 0.4
215 219 0.6
215 220 0.6
215 225 0.6
215 228 0.4
215 229 0.2
215 230 0.4
215 233 0.4
215 238 0.4
215 263 0.4
215 264 0.6
215 272 0.4
215 273 0.8
215 277 0.4
215 280 0.6
215 283 0.4
215 290 0.0
215 291 0.4
215 294 0.4
215 304 0.2
215 305 0.4
215 312 0.4
215 313 0.6
215 318 0.4
215 319 0.8
215 321 0.4
215 322 0.2
216 224 0.6
216 233 0.6
216 238 0.2
216 245 0.6
216 249 0.8
216 251 0.2
216 260 0.6
216 264 0.6
216 274 0.4
216 284 0.4
216 285 0.4
216 286 0.6
216 287 0.6
216 295 0.8
216 299 0.8
216 300 0.4
216 304 0.8
216 308 0.2
216 310 0.4
216 314 0.6
217 219 0.6
217 224 0.4
217 225 0.6
217 228 0.0
217 233 0.2
217 238 0.4
217 261 0.0
217 264 0.2
217 267 0.2
217 272 0.4
217 294 0.4
217 305 0.4
217 308 0.4
217 318 0.4
217 321 0.4
218 221 0.4
218 223 0.6
218 229 0.4
218 230 0.4
218 232 0.6
218 237 0.4
218 244 0.2
218 261 0.2
218 275 0.4
218 280 0.4
218 290 0.2
218 292 0.4
218 300 0.6
218 310 0.4
218 313 0.6
218 316 0.8
218 322 0.2
219 220 0.4
219 225 0.8
219 228 0.2
219 233 0.2
219 238 0.6
219 255 0.4
219 264 0.4
219 267 0.2
219 272 0.6
219 273 0.6
219 280 0.4
219 283 0.6
219 285 0.8
219 291 0.4
219 294 0.6
219 305 0.6
219 306 0.0
219 318 0.8
219 321 0.6
220 225 0.4
220 228 0.4
220 233 0.6
220 238 0.4
220 239 0.8
220 240 0.8
220 260 0.6
220 264 1.0
220 267 0.2
220 268 0.4
220 272 0.6
220 273 0.8
220 283 0.4
220 295 0.6
220 305 0.6
220 318 0.4
221 230 0.2
221 261 0.0
221 280 0.4
221 290 0.2
221 313 0.6
223 229 0.6
223 244 0.4
223 258 0.4
223 280 0.2
223 293 0.4
223 300 0.4
223 303 0.4
223 323 0.4
224 226 0.6
224 231 0.4
224 245 0.4
224 249 0.6
224 251 0.2
224 263 0.4
224 277 0.4
224 286 0.6
224 288 0.2
224 290 0.2
224 299 0.6
224 300 0.4
224 302 0.4
224 303 0.4
224 304 0.4
224 314 0.4
224 320 0.0
224 322 0.2
225 228 0.2
225 233 0.4
225 238 0.6
225 255 0.6
225 264 0.4
225 267 0.2
225 272 0.6
225 273 0.6
225 277 0.8
225 280 0.4
225 283 0.6
225 291 0.4
225 294 0.6
225 305 0.6
225 306 0.0
225 318 0.6
225 319 0.6
225 321 0.6
226 245 0.4
226 246 0.2
226 249 0.8
226 251 0.2
226 261 0.2
226 263 0.2
226 271 0.6
226 275 0.4
226 278 0.4
226 280 0.4
226 286 0.6
226 290 0.2
226 299 0.6
226 302 0.4
226 303 0.6
226 304 0.4
226 312 0.6
226 314 0.4
226 320 0.0
226 322 0.2
227 259 0.8
227 301 0.8
228 233 0.2
228 238 0.2
228 253 0.4
228 255 0.6
228 257 0.4
228 264 0.4
228 267 0.0
228 272 0.2
228 273 0.4
228 280 0.2
228 283 0.2
228 291 0.6
228 305 0.2
228 318 0.2
228 321 0.2
229 230 0.4
229 235 0.0
229 239 0.2
229 244 0.2
229 252 0.4
229 258 0.4
229 275 0.6
229 280 0.2
229 286 0.2
229 293 0.6
229 300 0.6
229 303 0.6
229 322 0.4
229 323 0.2
230 258 0.4
230 263 0.2
230 280 0.4
230 290 0.0
230 291 0.0
230 293 0.4
230 316 0.4
231 245 0.2
231 246 0.6
231 254 0.4
231 263 0.2
231 276 0.2
231 280 0.2
231 286 0.4
231 287 0.2
231 288 0.6
231 290 0.8
231 299 0.4
231 303 0.2
231 304 0.2
231 309 0.2
231 314 0.2
231 320 0.4
231 322 0.0
232 237 0.2
232 242 0.4
232 245 0.2
232 250 0.2
232 258 0.6
232 261 0.4
232 263 0.2
232 268 0.2
232 280 0.4
232 286 0.4
232 303 0.8
232 308 0.4
232 309 0.0
232 310 0.2
232 313 0.4
232 316 0.6
232 321 0.4
233 234 0.4
233 238 0.2
233 239 0.6
233 240 0.4
233 245 0.4
233 250 0.4
233 253 0.2
233 255 0.2
233 257 0.2
233 258 0.4
233 260 0.8
233 262 0.4
233 263 0.2
233 264 0.6
233 267 0.4
233 268 0.4
233 272 0.4
233 273 0.4
233 283 0.2
233 285 0.4
233 291 0.0
233 294 0.2
233 295 0.6
233 299 0.6
233 304 0.4
233 305 0.4
233 308 0.2
233 315 0.0
233 317 0.4
233 318 0.2
233 322 0.4
234 238 0.2
234 240 0.2
234 255 0.0
234 262 0.2
234 264 0.2
234 272 0.2
234 290 0.0
234 305 0.2
234 308 0.2
234 316 0.2
234 318 0.4
235 261 0.4
235 323 0.4
236 256 0.8
236 276 0.6
236 299 0.2
236 302 0.2
236 304 0.4
236 307 0.6
236 311 0.8
236 314 0.4
237 261 0.0
237 268 0.6
237 274 0.6
237 280 0.4
237 286 0.2
237 290 0.2
237 292 1.0
237 313 0.6
237 316 0.4
238 240 0.6
238 255 0.4
238 257 0.2
238 260 0.2
238 264 0.4
238 272 0.6
238 273 0.4
238 280 0.2
238 283 0.8
238 285 0.6
238 291 0.4
238 294 0.8
238 300 0.6
238 305 0.6
238 317 0.6
238 318 0.6
238 321 0.8
239 240 0.6
239 260 0.6
239 262 0.6
239 264 0.8
239 267 0.2
239 272 0.6
239 278 0.6
239 289 0.6
239 290 0.0
239 310 0.4
239 318 0.4
240 245 0.6
240 260 0.4
240 262 0.8
240 263 0.4
240 264 0.8
240 265 0.6
240 272 0.8
240 273 0.6
240 280 0.2
240 285 0.8
240 291 0.4
240 294 0.6
240 295 0.4
240 305 0.8
240 312 0.4
240 317 0.4
240 318 0.6
240 319 0.4
240 321 0.6
241 246 0.6
241 263 0.4
241 275 0.4
241 280 0.2
241 286 0.0
241 290 0.6
241 322 0.4
242 244 0.6
242 255 0.2
242 261 0.6
242 263 0.0
242 282 0.4
242 291 0.2
242 308 0.2
242 316 0.4
242 323 0.4
244 280 0.0
244 323 0.8
245 246 0.4
245 249 0.6
245 251 0.4
245 254 0.2
245 258 0.4
245 260 0.4
245 263 0.4
245 264 0.4
245 271 0.4
245 277 0.4
245 278 0.8
245 280 0.2
245 286 0.4
245 287 1.0
245 288 0.4
245 290 0.4
245 293 0.4
245 299 0.6
245 300 0.2
245 302 0.4
245 303 0.2
245 304 0.8
245 305 0.6
245 309 0.4
245 312 0.6
245 314 0.8
245 320 0.2
245 322 0.6
246 249 0.2
246 258 0.2
246 275 0.2
246 280 0.0
246 286 0.4
246 290 0.8
246 299 0.2
246 300 0.0
246 303 0.0
246 304 0.4
246 314 0.4
246 322 0.2
248 266 0.6
249 251 0.2
249 254 0.2
249 260 0.6
249 263 0.2
249 264 0.6
249 271 0.4
249 278 0.6
249 286 0.6
249 287 0.6
249 290 0.2
249 295 0.8
249 299 0.8
249 302 0.6
249 303 0.4
249 304 0.6
249 312 0.8
249 314 0.6
249 320 0.0
249 322 0.4
250 258 0.2
250 272 0.6
250 274 0.8
250 280 0.2
250 295 0.4
250 316 0.4
251 263 0.2
251 271 0.2
251 286 0.2
251 290 0.4
251 299 0.2
251 300 0.2
251 302 0.0
251 304 0.4
251 314 0.4
251 320 0.2
252 261 0.4
252 279 0.2
252 323 0.0
253 260 0.2
253 264 0.4
253 272 0.6
253 273 0.4
253 280 0.2
253 305 0.6
253 318 0.6
254 286 0.0
254 290 0.6
254 299 0.0
254 303 0.2
254 304 0.2
254 314 0.2
255 257 0.6
255 261 0.4
255 262 0.4
255 264 0.2
255 269 0.4
255 277 0.4
255 280 0.0
255 282 0.4
255 291 0.8
255 294 0.4
255 305 0.4
255 308 0.2
255 309 0.4
255 316 0.0
255 317 0.2
255 318 0.4
256 276 0.6
256 307 0.6
256 311 0.8
256 314 0.6
257 263 0.2
257 264 0.0
257 272 0.2
257 286 0.0
257 293 0.4
257 294 0.2
257 300 0.0
257 303 0.2
257 304 0.2
257 317 0.4
257 320 0.8
258 260 0.4
258 261 0.2
258 266 0.2
258 278 0.6
258 280 0.4
258 286 0.6
258 290 0.2
258 291 0.0
258 297 0.6
258 308 0.4
258 316 0.6
259 261 0.4
259 301 0.8
260 263 0.2
260 264 0.6
260 268 0.4
260 272 0.4
260 277 0.4
260 278 0.4
260 280 0.4
260 286 0.6
260 287 0.4
260 289 0.6
260 290 0.0
260 291 0.0
260 299 0.6
260 302 0.8
260 304 0.4
260 305 0.4
260 310 0.4
260 312 0.6
260 314 0.4
260 316 0.4
260 318 0.2
260 320 0.2
260 322 0.4
261 264 0.2
261 279 0.4
261 280 0.2
261 282 0.4
261 284 0.0
261 290 0.2
261 293 0.2
261 308 0.0
261 313 0.2
261 315 0.2
262 264 0.6
262 265 0.4
262 267 0.2
262 272 0.8
262 305 0.8
262 308 0.4
262 318 0.6
263 264 0.2
263 277 0.6
263 278 0.4
263 280 0.6
263 286 0.2
263 288 0.2
263 290 0.4
263 293 0.6
263 299 0.2
263 300 0.4
263 302 0.2
263 303 0.2
263 314 0.4
263 320 0.2
263 322 0.6
264 267 0.2
264 272 0.6
264 273 0.8
264 282 0.4
264 283 0.4
264 285 0.6
264 291 0.2
264 294 0.4
264 296 0.2
264 302 0.6
264 305 0.6
264 312 0.6
264 317 0.2
264 318 0.4
264 319 0.6
264 321 0.4
264 322 0.4
265 272 0.4
265 308 0.6
265 318 0.4
267 269 0.2
267 272 0.2
267 273 0.2
267 316 0.2
267 319 0.2
267 321 0.2
268 274 0.8
268 280 0.2
268 284 1.0
268 291 0.4
268 308 0.6
268 310 0.8
268 313 0.4
268 316 0.4
268 323 0.4
269 308 0.6
270 274 0.6
271 278 0.4
271 286 0.2
271 290 0.2
271 295 0.2
271 299 0.2
271 312 0.2
272 273 0.4
272 283 0.6
272 285 0.8
272 287 0.6
272 290 0.2
272 305 0.8
272 310 0.6
272 312 0.4
272 313 0.2
272 318 0.6
273 280 0.6
273 283 0.4
273 303 0.4
273 305 0.4
273 313 0.6
273 317 0.2
273 319 0.8
273 321 0.4
274 284 0.8
274 289 0.6
274 310 1.0
275 280 0.4
275 286 0.2
275 300 0.6
275 302 0.2
275 322 0.6
276 290 0.0
276 299 0.6
276 307 0.8
276 311 0.6
276 314 0.2
277 280 0.4
277 281 0.2
277 286 0.2
277 314 0.4
277 320 0.6
278 295 0.6
278 299 0.6
278 301 0.2
278 302 0.4
278 304 0.8
278 312 0.6
278 314 0.8
280 286 0.4
280 289 0.4
280 290 0.0
280 291 0.0
280 293 0.4
280 297 0.4
280 300 0.6
280 303 0.4
280 306 0.0
280 310 0.2
280 313 0.6
280 316 0.4
280 317 0.2
280 322 0.4
281 320 0.4
282 291 0.2
283 305 0.6
283 318 0.6
283 321 1.0
284 289 0.6
284 296 0.4
285 305 0.8
285 312 0.4
286 287 0.4
286 288 0.4
286 290 0.2
286 295 0.6
286 299 0.6
286 300 0.4
286 302 0.6
286 303 0.4
286 304 0.4
286 309 0.4
286 312 0.6
286 314 0.4
286 320 0.0
286 322 0.2
287 295 0.6
287 299 0.6
287 302 0.4
287 304 0.8
287 312 0.6
287 314 0.8
287 322 0.6
288 290 0.8
288 300 0.0
288 303 0.0
288 304 0.4
288 309 0.4
288 314 0.4
288 320 0.6
289 296 0.2
289 310 0.6
289 316 0.6
290 295 0.2
290 299 0.2
290 300 0.0
290 301 0.2
290 302 0.0
290 303 0.0
290 304 0.4
290 312 0.2
290 313 0.0
290 314 0.4
290 316 0.0
290 322 0.2
291 294 0.4
291 305 0.4
291 319 0.2
292 310 0.6
292 313 0.6
293 303 0.4
293 304 0.4
293 322 0.4
294 318 0.6
294 321 0.8
295 299 0.8
295 302 0.6
295 304 0.6
295 314 0.6
297 316 0.8
299 300 0.4
299 302 0.6
299 303 0.4
299 304 0.6
299 309 0.2
299 311 0.2
299 312 0.8
299 314 0.6
299 320 0.0
299 322 0.4
300 303 0.6
300 314 0.2
300 320 0.0
300 322 0.4
302 304 0.4
302 312 0.6
302 314 0.4
302 322 0.4
303 304 0.2
303 309 0.0
303 314 0.2
303 317 0.6
303 320 0.2
304 307 0.2
304 311 0.4
304 312 0.6
304 314 0.8
304 320 0.2
304 322 0.6
305 317 0.6
305 318 0.6
305 321 0.6
307 311 0.6
307 314 0.2
308 316 0.6
308 318 0.4
309 314 0.4
309 320 0.4
310 316 0.4
311 314 0.4
312 314 0.6
312 322 0.4
313 315 0.2
313 316 0.8
314 320 0.2
314 322 0.6
315 316 0.2
316 318 0.2
317 318 0.4
318 321 0.6
318 322 0.4
320 322 0.2
